1000 1 784
1 1 5.140706578678857e-6
2 1 -9.439011917262144e-6
4 1 0.0009031882074255229
5 1 2.741972163255641e-5
6 1 -1.285076297062215e-6
7 1 3.908217904333722e-5
9 1 -0.014378944694356464
10 1 0.0005052865047933958
11 1 -0.00013946957411287736
12 1 9.337631112405248e-6
13 1 0.00034482102751103684
14 1 2.8752515319842174e-6
15 1 -6.986945213612877e-5
16 1 -4.29855720433462e-5
17 1 -4.888253184653901e-5
19 1 1.4245872812377603e-5
20 1 -7.201062590098934e-7
21 1 -0.0011059674166521152
22 1 0.00025119689366708036
23 1 -1.4103375115328673e-5
25 1 0.00029741286696617354
26 1 6.88361789217142e-5
27 1 2.6888555263665563e-5
29 1 9.976788692407992e-5
30 1 4.007285088089019e-5
31 1 0.004356084844582739
32 1 0.00014708080549895005
34 1 -0.0002158973710459034
35 1 4.0451949941252487e-5
37 1 -0.0001222786345311396
38 1 -4.479637268469674e-5
39 1 6.0315872183661395e-5
40 1 0.0020096637593416218
41 1 -4.409845908598758e-5
42 1 -0.0005458100825904416
43 1 0.00021897656095300186
44 1 2.5467145851561297e-6
46 1 -3.5280838222210623e-5
47 1 -5.921619010072903e-5
48 1 4.625967750793505e-7
49 1 -0.00028201638425381546
50 1 3.78150246854459e-7
51 1 -1.723982238444596e-5
52 1 -3.035069934308834e-5
53 1 -4.108314930875857e-5
54 1 0.00048684407288345947
55 1 -3.2426327063383235e-6
56 1 1.7869911808004183e-5
57 1 2.028515308365628e-5
58 1 1.498786026914834e-5
60 1 1.1247764732010387e-5
61 1 6.979789352352978e-5
62 1 2.3840917280501066e-5
63 1 3.4760289477271315e-5
64 1 1.081629724226798e-10
65 1 -1.6501243478790704e-5
66 1 4.980035762911016e-5
67 1 1.0002290137563697e-5
68 1 -4.122201310766782e-5
69 1 0.0005610077192582576
70 1 9.033292335822841e-6
72 1 -4.742490123689709e-6
73 1 0.0004155720608516382
74 1 -3.440857034535219e-7
75 1 -7.707332596705113e-6
76 1 1.7172825387547432e-6
77 1 -1.3101501474828834e-5
79 1 -3.881636486260956e-5
80 1 8.472653604167138e-5
81 1 -0.00010833077543580205
82 1 -0.00015740584496931687
83 1 -0.0001389328003118719
84 1 8.962722819138717e-5
85 1 2.5373855319558366e-6
87 1 -4.227673258914883e-7
88 1 -0.0031718112176261828
89 1 3.745803673524372e-5
90 1 0.00040136058904139375
91 1 -2.7314587875509807e-7
93 1 1.7481233953783806e-5
94 1 -0.0009173492880311806
95 1 -6.3254690728861806e-6
96 1 -0.00012086920877551886
97 1 -3.689814454092218e-5
98 1 2.2132188997992996e-6
99 1 -8.076168997830118e-6
100 1 0.000115888379608382
101 1 -0.0011179047230262004
102 1 -0.0013348844986179563
104 1 -0.001091333336216708
105 1 0.45800810334214287
106 1 -7.547114127818396e-5
107 1 5.313006603196074e-5
108 1 -4.963606248285642e-6
109 1 -0.0005611961835311762
110 1 0.00010779918837119813
111 1 1.2055642760026316e-5
114 1 3.5615739125342186e-5
115 1 1.3747174709405869e-6
116 1 0.0005462541233776068
117 1 -8.035016271487578e-8
120 1 -0.00026936678766564614
122 1 -1.1283714869259158e-6
123 1 1.5127898217507833e-6
126 1 7.728464191921489e-5
128 1 3.941122084183762e-5
129 1 -0.00012052581080199355
130 1 0.0003018221806639872
131 1 1.2801914995509968e-5
133 1 -0.000220905231746891
134 1 -2.639832733830961e-5
135 1 -5.5764781625018225e-5
136 1 -1.5100789096578405e-5
138 1 2.477024735750363e-6
139 1 -2.489590947316947e-5
140 1 -1.9639247878100874e-5
144 1 -0.00023939372522259564
145 1 -6.136532963769412e-6
147 1 -0.00041610128047874927
148 1 -1.653097316232769e-6
149 1 -6.242401365618947e-5
150 1 1.2374063605948973e-8
151 1 6.935963743656535e-10
153 1 -8.86381334725016e-5
155 1 -4.622936224149078e-5
156 1 -0.00023102423516556319
157 1 1.1391040060166075e-6
159 1 -0.0002956852989409
161 1 -3.888213983413554e-7
163 1 -5.024797534209692e-5
165 1 3.9875689759850263e-5
167 1 -1.610724764700814e-6
168 1 -7.509452372606278e-6
169 1 0.00745242430196763
170 1 9.480522206221723e-7
171 1 -5.7187445560367356e-5
172 1 -1.5866788104290836e-5
173 1 6.393804101242043e-5
174 1 1.7077442835309803e-5
175 1 0.003912413897616162
176 1 0.00017728195064460573
177 1 6.105976777941728e-9
178 1 -1.3592287869513515e-5
180 1 3.441314703020309e-6
181 1 3.792231238694894e-5
182 1 0.00011634415938877806
183 1 0.0001632366262290235
184 1 0.00010199974890111401
186 1 2.8896972753622684e-6
187 1 -6.665540888884733e-5
189 1 -5.403909214083851e-7
190 1 5.413844449507e-6
191 1 -3.463267888491537e-5
192 1 0.0008435038950012499
193 1 -0.0014581771919227387
194 1 -0.0002078199769557524
195 1 -1.1851458712123047e-5
196 1 -1.002679024315587e-5
197 1 -1.1918014417328053e-6
198 1 3.051218790328742e-5
199 1 0.0002020230539296969
200 1 -9.550864675765196e-5
201 1 3.060783478549925e-5
202 1 5.940729156870074e-6
203 1 -0.0013448635184932789
204 1 -9.645517266880047e-7
207 1 -2.4629918451751204e-5
209 1 -9.381996681476154e-5
210 1 -9.79252696508363e-5
211 1 -8.615964457300815e-6
212 1 -9.837203077944528e-7
213 1 -0.019316233111502264
214 1 -1.585798077652442e-5
216 1 -7.658170768471129e-5
219 1 3.180296861638368e-5
220 1 -1.0322927732541922e-6
221 1 -0.00020927049390108386
223 1 -0.0007708082469687464
224 1 1.389588974616555e-5
225 1 2.2661600308581423e-6
228 1 0.002224259099320952
229 1 -1.2437692948059583e-6
230 1 4.873809787322896e-5
231 1 -0.0034112054752001857
232 1 0.00013041028980926257
233 1 -4.116701091578843e-5
234 1 -1.4313410900838088e-5
235 1 -1.1607268346777288e-5
236 1 -2.8243994727209406e-5
237 1 -1.0408492236904689e-5
238 1 -4.6745534071159725e-6
239 1 -3.824424966958791e-5
240 1 -2.317552323772049e-5
241 1 2.1346500399444884e-7
243 1 0.00010685328807913836
244 1 4.987653225018135e-7
245 1 9.274227376425247e-6
246 1 2.118754106332858e-5
248 1 -1.5305881829657967e-5
249 1 5.8469152255759363e-5
252 1 2.34204950598072e-6
255 1 0.00010208221320940392
256 1 0.00011929874945988415
258 1 -0.00018178134752149506
259 1 1.4156131074975902e-5
260 1 -1.677842980453325e-5
261 1 -5.07905418981923e-7
262 1 -1.9817870980942354e-5
264 1 -3.327152568048537e-5
265 1 -5.252952876859085e-6
266 1 -0.0007357863321346082
267 1 1.8601854606491582e-5
272 1 4.9743008392597165e-6
273 1 0.0002954189100400602
275 1 2.5010169865319564e-6
276 1 -1.6207515228001386e-6
277 1 -0.0005209862355368745
278 1 1.7381808223543904e-7
279 1 -3.3542040384097247e-6
280 1 -2.430768637515657e-5
281 1 -0.00014158171842884712
282 1 -8.005124146057531e-6
283 1 -0.0002080961858438663
284 1 1.0322489506225971e-5
285 1 5.646614922582888e-5
287 1 -2.9599377382319075e-5
289 1 0.00011171294404152
290 1 -6.073560146456773e-7
291 1 0.002335970214798733
292 1 1.149260390827902e-6
293 1 -3.2263015032538e-5
294 1 3.870018255720005e-7
295 1 5.743145114933981e-6
296 1 -1.3654901797283605e-5
298 1 -1.8097518229260545e-6
299 1 8.857022424437695e-5
300 1 0.0005354507360129414
301 1 -3.5175635325957385e-5
302 1 -2.5559844625641878e-5
303 1 2.0481778539951345e-5
304 1 -1.9602782074722647e-5
305 1 1.2890715824007569e-5
306 1 0.00032082384526079124
309 1 1.4308488301488807e-5
310 1 0.0011902297618112206
311 1 2.8360635803737146e-5
312 1 0.0005169157228821562
313 1 -0.0009510536636135626
315 1 6.84033410365109e-7
316 1 0.21247932757838306
317 1 1.1764133971930193e-5
320 1 -8.93148390146529e-6
321 1 0.00032602889944741267
322 1 -1.4131903784807914e-5
323 1 -5.358388029394225e-8
324 1 4.704440396212807e-5
325 1 9.269913467268252e-7
326 1 0.00017868759436285127
327 1 3.425349102879345e-5
329 1 -8.286026375570717e-6
330 1 7.438187030054421e-6
331 1 -0.00407448259696595
333 1 2.3164374003903925e-6
334 1 -8.099306761681693e-5
335 1 -0.007411094370369263
336 1 2.887389762218912e-7
337 1 8.28556740845403e-5
339 1 -1.660758672524555e-5
340 1 0.0005759498145001653
342 1 0.000633863152187099
343 1 -8.048564909498395e-5
344 1 1.6676791146566168e-5
345 1 0.00042918178535630435
346 1 0.0007497882569045282
347 1 -9.695620126570351e-5
348 1 4.576479293514105e-6
349 1 1.5624525851772016e-5
350 1 1.6698459549270096e-5
351 1 -2.961800021685052e-8
353 1 0.00010113574652808272
355 1 1.3526521350688477e-5
356 1 0.0005304793931726528
357 1 -0.0017510055557450192
358 1 -2.014192486228577e-5
359 1 -0.00012067404930438547
360 1 -0.002653576692538394
361 1 -3.2961178737116984e-5
362 1 1.2461483006027537e-5
364 1 -0.00018622405644832027
367 1 -0.00038561192672078264
368 1 4.4526476473444325e-6
370 1 0.0001102723131412094
371 1 4.702758298461987e-5
372 1 0.005476700466203712
373 1 -2.3743954799000632e-5
375 1 0.0008686886776007587
376 1 2.074461247076538e-5
377 1 -0.0003791417490753459
378 1 -1.1662071127646898e-7
379 1 5.7112682758244294e-5
380 1 1.375606422215564e-6
381 1 0.013408978509119634
382 1 5.612177333470746e-6
383 1 -2.4160108405904888e-5
385 1 -6.6369281058082606e-6
386 1 -3.70701966626744e-5
387 1 -0.0007988843082900741
388 1 -3.498631270755712e-5
391 1 2.3526553567434948e-5
393 1 -0.028679482618813767
394 1 0.00014014740417578035
395 1 0.001008880020474746
397 1 1.1202622350990069e-5
399 1 -3.89854844769512e-5
400 1 1.4941827942086304e-5
401 1 -0.00030724825471912186
402 1 2.012140014657635e-5
403 1 -6.115890435132504e-5
404 1 -0.0002224988657534995
405 1 7.774016112071986e-7
406 1 -0.00010859969399110895
408 1 -2.893296991547454e-5
409 1 -0.0005912433229958928
411 1 2.3913698071954444e-7
412 1 -4.584808158344377e-5
413 1 -5.5762431674862664e-5
415 1 -0.00024112931092283782
416 1 7.0095912931485444e-6
417 1 1.0020391344235718e-7
418 1 3.821188615257372e-5
419 1 -0.00016978850758864826
421 1 -9.93414142825334e-6
422 1 -2.223172171838137e-5
423 1 -2.9458371800607352e-6
424 1 3.4994358034575875e-5
425 1 1.611141581914029e-7
426 1 -0.0019484944741445355
427 1 0.0016862857548863397
428 1 -0.00010190296665887906
430 1 0.00017738630463164952
431 1 7.084890551259011e-6
432 1 1.924328714576299e-5
433 1 -1.8396553323309425e-7
434 1 0.00022536829587819086
435 1 2.2832197335540575e-5
438 1 -4.0049559202536336e-5
441 1 3.7908534137337107e-5
443 1 3.210372318561607e-5
444 1 -1.9760076928332855e-5
446 1 2.1336094646100717e-5
447 1 1.4792553827237377e-5
448 1 0.000590353812268933
450 1 -1.1791937773472444e-6
451 1 -2.9243565594956837e-5
453 1 3.198775043797664e-9
454 1 1.2854576780629364e-5
455 1 -2.68665832710759e-5
456 1 9.278520288479428e-5
457 1 -8.805474663158755e-6
459 1 -5.96685662916413e-7
460 1 1.3277736373786034e-5
461 1 4.343500328769246e-5
462 1 -4.636639707814711e-6
463 1 -4.335259938865522e-5
465 1 -6.50451880529072e-6
467 1 -0.00012322696672497464
468 1 -0.0042557284189920505
472 1 0.00021606477116925654
474 1 0.0005323843344165111
476 1 -2.2749126514205483e-6
477 1 -7.013302590622066e-5
478 1 -0.00020634754122790102
479 1 6.282727524709676e-6
480 1 -0.0005199175532886453
481 1 8.040569346437079e-5
482 1 -6.422861983511442e-5
484 1 4.2655365285061955e-5
485 1 3.366683012748083e-6
487 1 -0.0011722825082774845
488 1 0.010999415223885662
489 1 -1.7913257353497704e-5
491 1 7.495135876357852e-5
492 1 8.280902341211434e-5
493 1 0.0022801068956937454
494 1 -5.381467038366083e-6
495 1 -8.646775544655007e-6
496 1 0.00025078059289289204
498 1 1.0748265347617515e-5
500 1 -0.0056416521518367685
501 1 -0.00037173348979702717
502 1 8.924243043941264e-7
503 1 0.002908846129216301
504 1 3.941560602305601e-5
505 1 -3.228740874172327e-5
506 1 0.0002214927136378956
507 1 -6.084620549673735e-6
508 1 7.923168040189894e-6
510 1 0.00010902890758024975
513 1 0.00024935662857533295
515 1 0.00013568529398394827
516 1 -0.00014772072753224718
517 1 7.063363240917574e-6
518 1 -8.144723573473112e-7
519 1 1.8035062138844623e-5
520 1 -0.0002176272314742936
521 1 -0.00020197759206218982
522 1 -0.00014081604946149527
523 1 5.011005775317242e-5
524 1 0.00013082911887520623
525 1 3.328766199484204e-5
527 1 -2.1476353049611192e-5
528 1 0.00019870214718327667
529 1 1.282783343499649e-6
531 1 -2.488680025922316e-6
534 1 6.721108007867728e-6
535 1 -8.61173987083975e-5
536 1 -0.0001789110717279835
539 1 -7.329919775351412e-6
540 1 1.968854357653614e-5
541 1 4.308331059256833e-5
542 1 6.204418136852274e-6
543 1 0.0010251177651556262
544 1 7.78784789990026e-5
545 1 -0.00015890766675618413
546 1 2.7775671329428934e-5
547 1 -2.7081454419434953e-5
549 1 -0.003883636979128623
550 1 3.3813071420439505e-5
551 1 3.966178073997494e-5
552 1 3.186907819797683e-5
553 1 0.0002920497370327727
554 1 0.02594518676133439
555 1 -2.7512504147066894e-5
557 1 0.00011162805466978688
558 1 -0.00010490876284270244
559 1 -0.0009161684964752952
560 1 8.190100001655637e-6
561 1 -2.450325449092901e-6
562 1 9.526871356754815e-7
564 1 7.531366287390345e-7
565 1 0.00012155478167771543
566 1 2.739552482765753e-7
567 1 9.674811731445907e-5
568 1 1.0427783070315816e-6
571 1 -4.0072492145219195e-5
572 1 0.0001586883496044335
573 1 6.959281959767595e-6
574 1 0.00014625120514500138
575 1 4.322285917542453e-6
576 1 2.207211733221353e-5
578 1 5.7648704973613e-6
579 1 0.00029038146763932964
580 1 0.00037139185044518595
581 1 -8.717595594853607e-5
582 1 0.0031485467479797553
583 1 -9.616628740552784e-5
584 1 -2.821404029735035e-6
585 1 1.4207904263646602e-5
586 1 3.815302082512458e-6
587 1 -3.983038754348883e-5
588 1 -0.00022491516382209514
589 1 8.779387801231084e-5
590 1 -4.192169536879918e-7
591 1 5.32121334036633e-6
592 1 5.016983665899868e-5
593 1 3.20698911515041e-7
594 1 3.747577237799977e-5
595 1 1.8144645899363475e-5
597 1 -5.734348555259362e-5
598 1 0.00023141793036873606
599 1 0.00033047350924679357
600 1 0.0008783716734151388
601 1 0.0004515612689024006
602 1 -0.0004943731677759949
603 1 -3.271060582080239e-6
605 1 -0.002432967864264099
608 1 5.599157509942044e-6
609 1 -0.0010130775441726159
610 1 -2.2519966155481098e-5
611 1 0.0016254470044201892
612 1 2.559898918930755e-6
613 1 -0.0004420747540052555
615 1 -6.418496960004748e-5
616 1 0.0004924349273823562
617 1 -0.0051503383155507105
618 1 -2.811853413909403e-8
619 1 -1.7524749599502882e-5
620 1 4.756504839333322e-6
621 1 -2.1468588929034688e-5
622 1 -1.3108166014925969e-5
623 1 1.084385762114656e-6
624 1 0.00015330565177125723
625 1 -1.4400846425345555e-5
626 1 -0.0002735923977496666
628 1 -4.1931657205787196e-5
629 1 -8.787976916740926e-8
630 1 8.079474387110095e-5
631 1 -5.154967500426299e-5
632 1 1.2108894706818432e-5
633 1 -1.2657622751247513e-5
634 1 -5.567024889938289e-5
635 1 -0.0001183169942043225
637 1 -1.2282499982127469e-5
638 1 0.0003325977352463367
639 1 -8.468181437759254e-6
640 1 0.00015624462668773119
641 1 2.871577845839967e-6
642 1 -2.248376323563024e-5
643 1 -0.0002278584597670735
644 1 0.00020982128792495393
645 1 -1.500835444194788e-5
646 1 2.346972082485532e-5
648 1 -4.0598562970295505e-6
649 1 1.6829222506617207e-5
650 1 2.574561373702353e-5
652 1 0.0009042327997860455
653 1 -4.983100832479411e-6
654 1 6.864984169051788e-6
657 1 4.732196954842684e-6
658 1 -4.2681462794375845e-6
659 1 -0.07290125442489577
660 1 -2.5542442116128427e-6
662 1 2.9265208637797796e-6
663 1 -0.0004625803917333116
664 1 -4.004473507671163e-6
665 1 -0.00013151395648489846
666 1 2.714631034775197e-6
667 1 -0.0014255879849580356
668 1 -7.678275892053258e-5
669 1 -2.538937247114105e-5
670 1 4.068975061376332e-5
671 1 -3.731298804713647e-5
672 1 3.031066830951189e-6
673 1 -2.0976637923240294e-5
674 1 0.000384424949709596
675 1 3.771802004446903e-6
676 1 -2.7990298120879753e-5
678 1 -4.239505854804323e-6
680 1 0.0004888206307454969
681 1 -4.093147665254853e-7
682 1 -0.004899561107751219
683 1 8.457026908044524e-6
684 1 -1.5237742228672747e-7
685 1 0.00033617043355885364
686 1 -1.1284412676935977e-6
687 1 1.0444683317979955e-5
688 1 1.0488376342674243e-5
691 1 4.483716133891366e-6
692 1 2.953623802012999e-5
693 1 -1.687285564151228e-7
694 1 3.317326341179613e-5
696 1 9.153706845139869e-6
698 1 3.7694674233294418e-6
699 1 -3.932260796063084e-5
700 1 0.013938161725428269
701 1 0.0006664440139334
702 1 6.0969237550233504e-5
703 1 -2.998221341086997e-8
707 1 0.0016920355007229632
708 1 0.0005139536204986665
709 1 -0.0016312241740956178
712 1 1.3362092214810673e-5
713 1 1.1568173123066008e-5
714 1 0.0006455547849360989
715 1 -3.981925435798665e-6
717 1 0.0006235719125641709
718 1 -3.053173874945992e-5
720 1 0.00042581481341378094
721 1 5.503186874664359e-6
723 1 -3.0143665690794974e-5
724 1 -6.643211655620766e-5
725 1 9.639347160641207e-5
726 1 0.00018225991592013123
727 1 -2.427937516112909e-6
728 1 -0.00012432597911161663
729 1 -9.605117193558947e-7
730 1 -5.0918988798248165e-5
731 1 -0.003816181162622635
732 1 0.0002874804019040577
733 1 7.870415676085444e-5
734 1 -4.3103257515539595e-6
735 1 0.00057661463250584
736 1 1.805523196433712e-5
737 1 -2.1284078382451488e-5
739 1 2.9401404354552668e-5
740 1 6.585152716003268e-6
741 1 -6.481269016716367e-5
742 1 4.5053382294375156e-7
744 1 -7.624741308812812e-6
745 1 -1.4249376680156703e-5
746 1 0.03564006170752345
747 1 6.136623577930409e-5
749 1 -2.1528910378169508e-5
750 1 2.4904896118620817e-5
751 1 -0.0004731492968620663
752 1 -3.356178942452908e-5
753 1 -6.638676615640789e-5
754 1 9.86427723194585e-7
755 1 0.00010044317915309839
757 1 5.126411563578565e-5
758 1 -4.2569550307983495e-6
759 1 0.003315462087920577
760 1 -0.011037611378704374
761 1 -0.000994861204661212
762 1 -0.0004786733380666354
763 1 0.000481650245264278
764 1 0.00011636736122970585
765 1 -3.354501639005736e-5
766 1 4.309349773064321e-5
767 1 1.831069543148025e-6
768 1 -3.37031308663544e-5
769 1 4.116776315944104e-5
771 1 1.617623682045476e-5
772 1 1.005797677645465e-5
773 1 0.0003193511975653507
774 1 4.010674698115184e-6
775 1 -0.09230580841891572
776 1 -2.998062091592486e-6
778 1 -2.1488067337577437e-5
779 1 -0.0010592103829670555
781 1 7.779766344309994e-8
782 1 7.423975118769199e-6
783 1 -4.2960980647564114e-6
784 1 -0.0003360755525491141
786 1 -6.7519908708551255e-6
787 1 1.9379485954086382e-6
789 1 0.00015607697146265495
791 1 -1.3873377625950415e-6
793 1 3.894573445456676e-6
794 1 -3.005978853634408e-6
795 1 1.0580430793851261e-7
796 1 6.616435669230111e-5
798 1 0.00019316161319247782
799 1 7.083277003796151e-5
800 1 -3.9014345347338335e-5
801 1 -7.359767001122705e-5
802 1 7.472057799762696e-5
804 1 -1.5834330883545963e-5
805 1 0.000307200894631863
806 1 0.0002851369024062513
808 1 -7.014563123546133e-8
811 1 9.569858312478108e-5
813 1 1.1572952469491398e-6
815 1 -0.01636355074435706
816 1 -1.083726767463195e-5
817 1 -1.2458714954207218e-5
818 1 1.1308888530290856e-6
819 1 0.04216990497794963
820 1 -4.120911915409898e-6
821 1 -2.797990627031169e-8
822 1 -3.147696171917298e-5
823 1 5.995657690006594e-5
827 1 -0.00013433831239836817
830 1 3.158208753465934e-5
832 1 -0.0005024803239645733
833 1 -8.628454300327071e-5
835 1 -1.688433918831629e-5
836 1 -5.4412261949176915e-5
837 1 -0.00010880963371146425
838 1 -1.3621390763929388e-5
839 1 2.2800160609247292e-7
840 1 -0.0001741039501808747
842 1 -6.06642156985654e-5
843 1 1.2587562407321028e-5
845 1 1.4720655025089466e-5
847 1 5.19615509546798e-5
848 1 5.916761829971077e-5
849 1 0.00037082396766699097
850 1 0.004831412011869629
851 1 -4.104442743743771e-6
852 1 2.290172160191526e-5
853 1 -3.205899147674553e-5
854 1 5.803234921107793e-5
855 1 9.455775597724337e-5
856 1 -5.315701294485711e-5
857 1 1.4144530715753093e-5
859 1 -4.52411685337331e-5
860 1 2.3148546125363122e-5
861 1 4.0733382979597184e-5
863 1 -0.00010080186242043673
864 1 0.00014019829940045187
866 1 5.217438942506847e-7
868 1 -0.0013178235645674246
869 1 -1.0069064932577087e-6
872 1 -3.391673154399995e-5
873 1 -5.102751173810135e-5
874 1 0.00019397494910638202
875 1 9.603577495399592e-5
876 1 -0.00015317135980958297
877 1 4.659439148801477e-5
878 1 8.718703423867037e-5
882 1 0.0001525007643380624
883 1 -1.2643213126769436e-7
884 1 -3.495167256384245e-5
886 1 -0.00015085309933756522
887 1 -0.0001223942610447113
888 1 0.00045736923426871316
889 1 0.00016184470072285958
890 1 -7.999342238361012e-5
891 1 7.035873585848685e-6
892 1 -0.001946660700642278
894 1 -2.294201650938545e-6
895 1 -0.00014300369972625038
898 1 9.55513442215093e-6
899 1 -0.0002928713805294151
900 1 -0.0017284941336112084
901 1 -0.0016545042101208732
902 1 4.8531845307542184e-5
904 1 4.7639376393742246e-7
906 1 -0.00013573389337546198
907 1 2.1293845571356634e-6
908 1 2.1595820838266233e-5
911 1 1.1324068967258594e-7
912 1 0.0016074219404134788
913 1 1.9408352432587394e-5
914 1 -0.0005303476689732204
915 1 7.787466053689946e-6
916 1 -0.0001864100948541614
918 1 -0.00011792057852837252
920 1 -0.0001401489311412917
921 1 -0.00024000137529399935
922 1 8.51304198888043e-5
923 1 -0.000939170795760852
924 1 0.0006010466321346702
925 1 -3.479146025634265e-6
926 1 -3.7565545273744185e-7
927 1 -0.000982951706196509
928 1 -8.773790812096055e-5
930 1 -6.066602000964909e-5
932 1 -2.68282878182775e-5
933 1 -0.00022815524047338102
934 1 3.7090453738308325e-5
935 1 -9.397599583682241e-5
936 1 3.602400665652381e-6
938 1 1.5520897371664543e-5
939 1 0.00016587509562213134
940 1 -0.0002387655854230536
941 1 -0.00042497321976677524
943 1 6.88079492871072e-5
944 1 0.00039591229660965757
945 1 0.0007507438540226047
946 1 0.00018885447979818154
947 1 3.9367321002523115e-6
948 1 -3.8085082970911356e-6
949 1 2.840118010547136e-7
950 1 7.817611671084303e-6
951 1 0.0023456324235892143
952 1 -3.849421641593991e-6
953 1 2.187202488574001e-5
954 1 -0.00021841016557585063
955 1 -0.0008617306339140056
956 1 7.3788515535965785e-6
957 1 5.2976049935710905e-6
958 1 -0.00034988443743743975
961 1 5.373240621319076e-6
963 1 -5.952394888722059e-5
964 1 -0.001938803726089802
968 1 -3.972465503119212e-5
969 1 7.968054855244007e-6
970 1 -7.3639190891209834e-6
971 1 -3.557623857561269e-7
972 1 -0.00029289829552275507
973 1 9.6742201484317e-6
975 1 -5.808940785791485e-6
976 1 -3.736495144296064e-5
977 1 -4.999583630189473e-5
978 1 3.200292956002807e-5
979 1 -1.0803596470073003e-5
980 1 -2.6764653664864688e-5
981 1 9.78995536039048e-5
982 1 -7.061496348116442e-6
983 1 -0.00010770898965668803
984 1 7.056257259650631e-6
985 1 -8.074128177089805e-6
986 1 -1.8911149529830753e-5
987 1 4.9634073805950093e-5
988 1 -7.510114278047516e-5
989 1 3.2817036883705825e-6
991 1 1.5776219992403814e-6
994 1 -1.028587859824796e-5
995 1 -2.6402770828503297e-5
996 1 6.584576912193898e-5
999 1 -8.976835777053177e-6
1000 1 2.9003802099185356e-5
