1000 1000 3067
1 1 1.6581349614453744
2 2 1.9327241402105495
325 2 0.1243105054869138
335 2 0.7649114416220575
739 2 0.5309921728359055
947 2 0.14596828641691717
964 2 0.24148637025489283
3 3 1.4420377314315962
4 4 1.302026228056582
49 4 0.5891416802446299
5 5 1.7583711655545105
331 5 0.17920771800152235
631 5 0.8910816077064145
6 6 1.0740144979693131
165 6 0.18575112948046457
7 7 1.6314575848183406
149 7 0.9224189294488159
986 7 0.6587921873477218
8 8 1.5303747854721994
398 8 0.6118026888383334
813 8 0.7527929357797016
998 8 0.24480566503018686
9 9 1.6853274857134228
169 9 0.6196037363586056
183 9 0.01423121644771741
10 10 1.8527386784367181
306 10 0.28748928645828475
522 10 0.7200283336558062
11 11 1.7129428537242675
441 11 0.39824121979519433
12 12 1.3218442700209485
423 12 0.36149454400671766
11 13 0.692833067672979
13 13 1.9058340153584434
163 13 0.18456548849289112
541 13 0.28120379671963236
745 13 0.07180742089713332
930 13 0.30750378254867106
14 14 1.5864459610141084
15 15 1.3984448822169595
551 15 0.8799549860211797
581 15 0.5743201937186195
16 16 1.2192258040917643
17 17 1.9996863231927309
18 18 1.6053747792951716
519 18 0.9433605221489245
520 18 0.6815980519335212
19 19 1.069914957837374
720 19 0.5504511038190429
918 19 0.5106878392834109
970 19 0.7154330870265093
6 20 0.27288286173374465
20 20 1.1696578547434968
654 20 0.08555650652265467
983 20 0.26207717032342126
21 21 1.6671228034984626
616 21 0.7917026410060168
701 21 0.942026316811652
714 21 0.8742010226771244
720 21 0.4057667379415544
732 21 0.3330126453354185
882 21 0.16905530723974338
22 22 1.634998817890414
216 22 0.43628457006859533
385 22 0.04004649227118873
535 22 0.46816259825395057
964 22 0.9912380075723071
23 23 1.251214228967114
416 23 0.9688103694085368
799 23 0.8026432659344951
24 24 1.853252085862963
25 25 1.1094166581935616
863 25 0.6982042443999863
906 25 0.8598381981408347
26 26 1.3389611747135524
322 26 0.29512992768108215
27 27 1.7385308799320331
358 27 0.4316169186768146
28 28 1.0581276566040867
159 28 0.37487126419466876
29 29 1.225914859503004
358 29 0.1860397093518349
723 29 0.3838693243257303
856 29 0.7049974085707944
935 29 0.6234321805429499
30 30 1.0020124335778373
65 30 0.6584701986795412
304 30 0.6447528464043233
572 30 0.05343659285194202
642 30 0.2790260745830391
889 30 0.8611504006333428
31 31 1.2079701236971705
731 31 0.35689593631293204
32 32 1.7769101832440803
343 32 0.8712879681815922
643 32 0.4853911489883804
33 33 1.4916246712680867
34 34 1.9993923568406349
35 35 1.2950215667094966
287 35 0.9966323199081975
312 35 0.3094034935150918
36 36 1.8689097706589386
371 36 0.8825778836231337
37 37 1.1734510496603017
199 37 0.6093767355642175
295 37 0.06303100900816117
357 37 0.562178272584831
580 37 0.2801305920198722
733 37 0.7864659876489073
38 38 1.249396328079628
576 38 0.7618071618500171
39 39 1.4117084731050058
669 39 0.5299322652700966
40 40 1.8789573787522518
487 40 0.9295192082696901
914 40 0.40681172058509296
41 41 1.630821015342505
224 41 0.9516359049228731
485 41 0.13763617147552054
594 41 0.8695550657547524
687 41 0.40845447205292906
876 41 0.11193505300563711
42 42 1.716306456615217
182 42 0.39361790681552766
43 43 1.8160117987903355
521 43 0.9405640310940517
805 43 0.2967299033597852
44 44 1.9420944491240693
79 44 0.28102826375659107
122 44 0.8085852996371778
45 45 1.5269326236856815
123 45 0.8053759068585173
209 45 0.6673617663895612
551 45 0.6663260037461061
608 45 0.4452300523916497
908 45 0.5175215945501217
46 46 1.2496800213398958
47 47 1.6327544190352887
48 48 1.082970577452131
240 48 0.3958058935746358
744 48 0.47235206301093036
49 49 1.886790441299011
394 49 0.6499458775060318
492 49 0.579106904130541
539 49 0.08919842849868465
50 50 1.5708479123197856
560 50 0.6651917623152981
804 50 0.0876337609303286
51 51 1.7035607103621746
60 51 0.34191047606701774
515 51 0.27968131010826003
696 51 0.686608220719163
52 52 1.3693202327058558
504 52 0.8732697998404293
53 53 1.373818150670255
397 53 0.3517775903953868
938 53 0.5742300151032962
54 54 1.7921324202792706
918 54 0.3370966362060346
55 55 1.0894846568499599
88 55 0.47444668493931785
358 55 0.645919978696347
848 55 0.010253793477308148
935 55 0.6964083552662619
56 56 1.0485826249327657
57 57 1.3053723107650246
79 57 0.5372233246941456
140 57 0.38320248774138554
196 57 0.5112385421044723
481 57 0.5372788820025276
603 57 0.24341971224915615
982 57 0.5292412315411288
58 58 1.8758949284985227
310 58 0.019408600774024398
643 58 0.38251447301855923
59 59 1.9382363733427115
500 59 0.8653689838503562
590 59 0.7227697769136869
60 60 1.262311035834088
296 60 0.30421562416962544
344 60 0.3829234437429414
488 60 0.3771690396800247
61 61 1.1663652003660643
75 61 0.16091829035676652
62 62 1.4113172028681358
555 62 0.8989478249620364
560 62 0.23175166623363963
598 62 0.48335219631499915
642 62 0.5049586106513888
63 63 1.8457766301605159
494 63 0.4869849915428721
820 63 0.25985141993476146
64 64 1.9756718102225057
111 64 0.46116916426724464
293 64 0.1171781292717946
904 64 0.6817634301886863
912 64 0.8541173647537388
65 65 1.5990781612980083
180 65 0.2526840319660133
578 65 0.5411789312332345
840 65 0.7931157706366556
10 66 0.8464633497475624
66 66 1.0752140847252256
207 66 0.5693151213545709
422 66 0.8273372962976335
67 67 1.564340012425775
525 67 0.48847006115663216
68 68 1.7041428853334113
174 68 0.2966764790218184
737 68 0.4580086489899764
934 68 0.030897547935112568
69 69 1.9126849676251758
545 69 0.6031917522560737
70 70 1.9331941428527102
223 70 0.9115409374017351
467 70 0.22884538153673994
864 70 0.5606124882960373
71 71 1.5650122609146302
779 71 0.8107377681893424
821 71 0.6032838200813615
14 72 0.9618219671203334
23 72 0.6650592873682768
72 72 1.441681243700939
138 72 0.9323687620552372
590 72 0.1200534928404473
73 73 1.6551905927536452
74 74 1.796403304061778
249 74 0.460475757301422
75 75 1.4572820824044388
144 75 0.0332534062091816
76 76 1.7532377333220523
85 76 0.3296463206754334
229 76 0.9012232244170744
290 76 0.3633179738036276
77 77 1.0405026423601287
981 77 0.934280931415771
31 78 0.4256733369932335
78 78 1.987612477633565
79 79 1.3720501801178735
310 79 0.6837115013256561
654 79 0.14813104096577034
830 79 0.09673169726837427
80 80 1.40133108925075
168 80 0.764655093060699
187 80 0.8964909613612067
191 80 0.4621804932147766
262 80 0.4461514075929285
357 80 0.8158364979542916
81 81 1.0312836217041406
987 81 0.7361768736000931
82 82 1.8332831937318084
248 82 0.32294371795745525
600 82 0.3814093959392273
83 83 1.7102439615883136
592 83 0.5435793437540333
84 84 1.940749513003929
408 84 0.6042171579123077
527 84 0.7191012837937962
571 84 0.40453386525574575
707 84 0.26028706063307605
6 85 0.6213857574639872
85 85 1.109339160789816
646 85 0.5722868589040842
2 86 0.4302870497916411
86 86 1.4370404545131603
250 86 0.17718113298794425
380 86 0.7884578035476464
506 86 0.3005275559806173
820 86 0.4244269932842337
946 86 0.2956313881501158
978 86 0.29647307525384803
87 87 1.303140382353503
197 87 0.485128062525495
233 87 0.5299680251971446
411 87 0.8969158508863369
541 87 0.35052261001467877
884 87 0.41015811267857627
88 88 1.5329947088862885
864 88 0.6316675620112473
89 89 1.6020936336771525
214 89 0.43102731148993145
455 89 0.8443499050044125
90 90 1.0010156372359087
200 90 0.30595730531378895
426 90 0.2912957626719723
428 90 0.8109228882231792
467 90 0.47402419312583755
91 91 1.5874559042065275
151 91 0.004249248697306474
845 91 0.5246689531517881
3 92 0.021058953294016414
92 92 1.9959859431400733
128 92 0.5493878511141299
156 92 0.528101794816026
306 92 0.5135729627302108
378 92 0.8190525312026427
705 92 0.020730986699982745
953 92 0.8718538059575234
93 93 1.9738553082727148
265 93 0.5524609987009903
504 93 0.16216019706880624
94 94 1.4893330121174715
523 94 0.10880675724698108
945 94 0.003700913241582615
95 95 1.793270134752143
336 95 0.08836602834311424
409 95 0.3726982252223334
545 95 0.21088538075271046
941 95 0.6783410452236234
96 96 1.4725799733678449
559 96 0.9627153372408135
97 97 1.6375949342385416
114 97 0.3767590100067719
540 97 0.9768073056282962
98 98 1.4160237265748568
229 98 0.24277727993840226
337 98 0.4700745846430492
377 98 0.8363514686375739
44 99 0.09776823206084884
99 99 1.0578130992770822
666 99 0.3810725151144174
100 100 1.831099825945682
621 100 0.6836000146466463
69 101 0.9598591089607602
101 101 1.0634905695063304
501 101 0.1560467346350709
600 101 0.5813795174375396
717 101 0.9046422912214649
763 101 0.8433501137810631
924 101 0.8558733674669017
102 102 1.1565960359601815
434 102 0.21533754031882957
726 102 0.19102592108417737
103 103 1.9392676829770303
321 103 0.5737368105322764
10 104 0.8964429072163167
104 104 1.4732396258814853
342 104 0.6683324373324999
601 104 0.7446323000991242
944 104 0.44177458698110406
105 105 1.466141464555666
659 105 0.18926320393469376
775 105 0.3043916750471909
106 106 1.5489449825391124
504 106 0.6411035708616677
682 106 0.21200651144491878
63 107 0.6261573161370451
107 107 1.2718824736852892
515 107 0.3085848067879444
525 107 0.9071745264202431
588 107 0.9646248092113299
668 107 0.5841744451786184
842 107 0.4792752423905824
108 108 1.7640674127023657
249 108 0.4844759863849899
109 109 1.6522427386518888
424 109 0.11505905786822757
110 110 1.4577479439537326
324 110 0.17297118564263703
482 110 0.27596085020356353
851 110 0.07237767669211204
935 110 0.3920971973324807
111 111 1.2994672938514902
279 111 0.635155985778201
112 112 1.5897327498787361
306 112 0.6423781313635775
113 113 1.687891526333755
137 113 0.27030347947374755
363 113 0.7641830893311614
114 114 1.414435732199581
98 115 0.6933039678244821
115 115 1.5434592081509961
684 115 0.14776705108662758
116 116 1.123348647250788
626 116 0.9553188133469714
958 116 0.8417738918836724
117 117 1.9601478191125843
791 117 0.27255827906730845
118 118 1.0989891421699152
153 118 0.5937377929935748
501 118 0.34028186710775965
735 118 0.1361850211468163
119 119 1.1672314094851686
424 119 0.04521021270169512
32 120 0.9702360982053528
120 120 1.5515226452883601
129 120 0.262006879114727
121 121 1.6267866058302378
812 121 0.7279319327090168
66 122 0.052805772821495456
122 122 1.824962789106741
448 122 0.38987243041995523
453 122 0.005267568052512495
950 122 0.5944545738983329
951 122 0.20271466384047865
87 123 0.44033561561493473
123 123 1.6786925277264257
362 123 0.6368978667183915
572 123 0.04198634485082264
845 123 0.3955517956626442
124 124 1.3353863040441663
259 124 0.30148892023856044
593 124 0.9309527064315524
835 124 0.2696468134089447
896 124 0.5283134486105243
49 125 0.9861737230339969
125 125 1.9466027564124238
294 125 0.8208429936592074
543 125 0.8589541014661308
597 125 0.07020774118009587
41 126 0.7370873083780822
126 126 1.782613837079345
302 126 0.6975824995252693
127 127 1.9498848752626676
380 127 0.5326885575231151
745 127 0.36090719443012453
128 128 1.920814988680653
129 129 1.5246543966124033
434 129 0.07176476592032843
799 129 0.9582555547782192
2 130 0.0604428943959463
83 130 0.014629833554887561
130 130 1.0457524821831383
282 130 0.04504451077673011
567 130 0.04510607317379001
902 130 0.052129973406207064
131 131 1.292983615394154
565 131 0.5415390599597869
132 132 1.4717720817371038
846 132 0.9507248551811247
133 133 1.507075914616602
567 133 0.7204854463995904
659 133 0.28064003187003883
889 133 0.6027165105209771
134 134 1.7604152005226246
381 134 0.652570181667685
56 135 0.3360199481628998
128 135 0.9710329136770122
135 135 1.91929158108039
37 136 0.9681885289890799
136 136 1.773919684764473
294 136 0.7935188195202121
302 136 0.6588741439382981
619 136 0.5208661954592759
137 137 1.4562728981057027
444 137 0.4577399023027646
129 138 0.30096861102414163
138 138 1.5989945220585373
170 138 0.6634963715032114
330 138 0.05505743508480032
712 138 0.3584248626907953
964 138 0.15108980546481554
120 139 0.6939563549781185
139 139 1.0635570067719444
202 139 0.5323782758333195
939 139 0.2410437709620623
140 140 1.2421351042075266
241 140 0.017861619039433174
461 140 0.8580641277581842
560 140 0.9498102933732
750 140 0.9334826811021673
141 141 1.2771376413801323
222 141 0.4949151115103927
708 141 0.932457563204407
949 141 0.1394512228867424
962 141 0.2505065073717616
142 142 1.9409820295169442
600 142 0.4449558309370114
933 142 0.8391319293056549
143 143 1.9182515086691874
172 143 0.4159177704858463
144 144 1.659688105241451
877 144 0.34079409784594916
928 144 0.04476423955128506
145 145 1.1828963021090753
698 145 0.9150737414560355
799 145 0.8188336047441092
146 146 1.757558418988425
227 146 0.6058323403277532
13 147 0.09848309910315023
101 147 0.6629980758439495
147 147 1.015591181422383
316 147 0.6064959924767443
579 147 0.9864381338283148
646 147 0.07386522490762304
52 148 0.6331693786474377
148 148 1.6654081671421395
203 148 0.20593472893798048
454 148 0.5554632779214399
149 149 1.2450371480562477
418 149 0.7782808125293132
724 149 0.6911405198062934
857 149 0.4311907702725961
943 149 0.8710998508239876
150 150 1.8323857667951786
609 150 0.35528842584288056
854 150 0.03576763349411771
151 151 1.6734008601706551
302 151 0.5949508863604831
468 151 0.8897951820177932
86 152 0.9332497125998565
152 152 1.003311671097994
469 152 0.9655943276113355
573 152 0.39208839789509087
627 152 0.15018535928817744
931 152 0.8183135513681679
128 153 0.10849018170493485
153 153 1.9504194023845391
659 153 0.6787420406569358
154 154 1.2799081800324301
365 154 0.8643833542045682
879 154 0.5298882820969697
885 154 0.25802924617234546
979 154 0.09990135131009281
155 155 1.2371990914656634
376 155 0.5404712165985861
740 155 0.278024842242637
852 155 0.6222327023574745
156 156 1.7891668927347313
875 156 0.4962353087263338
157 157 1.4681830629566675
38 158 0.36636325762114086
90 158 0.5672841009897531
158 158 1.8978902174997083
209 158 0.7299568414788955
461 158 0.5418346026668697
853 158 0.11785954027492251
159 159 1.5440552801139051
160 160 1.8304770768724195
830 160 0.9565140340351137
87 161 0.2963058700969201
161 161 1.3627638437362224
162 162 1.5138831241107724
166 162 0.14874911397672763
362 162 0.19917705999113622
572 162 0.6436033319746395
686 162 0.2677100206008223
834 162 0.7385255403098498
163 163 1.2665597161260524
860 163 0.7897140423250022
164 164 1.2942465559553675
165 165 1.781397379612518
598 165 0.5783515138602544
769 165 0.231205833353058
940 165 0.25451599333526875
98 166 0.841319721157983
166 166 1.7348296256818811
764 166 0.43592728066013486
130 167 0.8772269040392158
167 167 2.431512064727662
868 167 0.6769214157173442
134 168 0.6836961879708876
168 168 1.8452383617863697
744 168 0.32783829033883705
767 168 0.9273400086584844
886 168 0.005830295181321388
989 168 0.6456192612511626
169 169 1.1954831738666227
213 169 0.44733959051462535
331 169 0.6362641184613367
667 169 0.3521370696121109
892 169 0.28292903606315867
170 170 1.124258948226317
558 170 0.40908065507453495
782 170 0.9696472833518788
793 170 0.672370842300241
808 170 0.11401993848904168
17 171 0.05710203100431266
171 171 1.1090030072492671
201 171 0.7986061431797029
172 172 1.0062943492089835
495 172 0.41548829727621306
173 173 1.5054325623551288
373 173 0.659329563737131
494 173 0.08259101909607836
174 174 1.9134325908715737
786 174 0.7858137411457344
175 175 1.002792783174341
426 175 0.8746301236642855
587 175 0.01110539649234088
96 176 0.7603396937072295
176 176 1.159527733038547
553 176 0.7973633289536808
823 176 0.11507600968741794
177 177 1.700985479116678
234 177 0.35920475299975774
448 177 0.935135863032371
941 177 0.2870146246634355
178 178 1.548201219439032
252 178 0.2929509376215267
565 178 0.13237310114378698
891 178 0.9295425950650165
146 179 0.08414377172059151
179 179 1.7607937641812192
250 179 0.12058133234188384
793 179 0.8251798846383174
986 179 0.23890530798738285
40 180 0.6367800715453562
180 180 1.0797261629799118
549 180 0.04054144937679083
181 181 1.3081780068053108
980 181 0.21480660250094363
13 182 0.6405412719620887
182 182 1.8104069139116254
203 182 0.7933244972730915
801 182 0.6963480054099995
183 183 1.457350104365437
895 183 0.8987015645184886
81 184 0.9622885274332531
184 184 1.2633314030633611
708 184 0.7184693210707642
775 184 0.14162099291266128
185 185 1.9813757708508486
186 186 1.5759226332919176
729 186 0.3962269328029806
187 187 1.1395410367291563
219 187 0.8213258943724557
69 188 0.4433266694387721
188 188 1.5737521690827687
631 188 0.9698880245489157
54 189 0.8546994162530173
189 189 1.3262230936665622
484 189 0.40683216560585
583 189 0.6513417836258726
901 189 0.9138908561484322
190 190 1.108753140294853
388 190 0.5392914725707434
191 191 1.4013145705861092
303 191 0.3907764150769184
379 191 0.9491504095635956
192 192 1.6468548427430794
751 192 0.7591840584585883
980 192 0.16318341186496532
983 192 0.2295361812653891
193 193 1.9237668222818507
945 193 0.7916100555936327
110 194 0.7066008718672092
194 194 1.9799730169507932
299 194 0.4886943675526989
602 194 0.5726087129526622
195 195 1.591534945457346
447 195 0.11158388549180898
196 196 1.0342843360000726
686 196 0.5859271693812969
197 197 1.3781180527257109
795 197 0.10409617874434063
198 198 1.2420228558570117
421 198 0.8989736623052058
489 198 0.9020003527767464
199 199 1.0144195822219755
811 199 0.05864400753914345
200 200 1.2857391288754854
191 201 0.8671331054109197
201 201 1.4921096398135585
234 201 0.5986982758240122
761 201 0.1356178880834067
765 201 0.7103322279714088
202 202 1.0885304851256516
476 202 0.5746875669411651
498 202 0.2603363902029152
612 202 0.06667255948037099
203 203 1.9829804277812428
312 203 0.7277101495646559
513 203 0.2716434676170594
204 204 1.8345217178704234
425 204 0.32507300818547535
432 204 0.7521626043238963
911 204 0.15151181492150023
183 205 0.5484085511575234
205 205 1.0881888128257322
698 205 0.29436600025978943
206 206 1.623892228691187
864 206 0.26663085015760224
174 207 0.8301665319318223
192 207 0.829492433320121
207 207 1.1511242598167037
654 207 0.8828892644193236
208 208 1.5440123141978055
292 208 0.7756151057811072
337 208 0.027781775228159944
692 208 0.9544588273867649
778 208 0.6298922711224737
129 209 0.41703939117543953
209 209 1.0691731644206954
210 210 1.2066577095706554
552 210 0.4204160122082998
211 211 1.049534505128587
576 211 0.5119935617879794
138 212 0.7442380395529604
212 212 1.0573019521444091
735 212 0.4857473566678048
952 212 0.7027223163413718
175 213 0.2031505302695038
213 213 1.3267187027376681
700 213 0.6928590193228501
144 214 0.3196717096250026
214 214 1.117850460635901
608 214 0.7381799046775837
215 215 1.9707897791371258
216 216 1.4310640500118794
430 216 0.9436581756264522
217 217 1.658745657168656
564 217 0.5906105217494526
675 217 0.9961343371118458
214 218 0.9996677744558167
218 218 1.5220095788539694
407 218 0.9393159347331477
219 219 1.7193471433627348
52 220 0.4972618176197561
220 220 1.7022907376203524
80 221 0.5783231270383251
221 221 1.2869019419354422
222 222 1.5227558230388216
265 222 0.8909527966074589
971 222 0.03862552484712367
223 223 1.4962302468964122
345 223 0.5864730690470641
735 223 0.8455156483451651
159 224 0.10598898219032726
224 224 1.53086465429208
615 224 0.1970295803302975
225 225 1.799999776472376
615 225 0.5471173130831002
707 225 0.4228655425896035
752 225 0.23874735827078908
226 226 1.6231288789779477
288 226 0.623107108623449
574 226 0.3388792194914827
227 227 1.1365350243374497
316 227 0.23100501130503326
694 227 0.3305280681688636
741 227 0.19135206177729924
104 228 0.7068844185485428
228 228 1.2034001877526115
480 228 0.3781354144818543
609 228 0.8787144569681185
731 228 0.4422673683210798
923 228 0.5950076082484597
964 228 0.9812887255538898
211 229 0.6114629718027984
229 229 1.6763351370066626
292 229 0.8319240893528166
553 229 0.5548056286517811
872 229 0.3978517552640859
23 230 0.42541296687081376
104 230 0.7284120099935112
230 230 1.0278191424889875
231 231 1.6469107940084733
232 232 1.1020300320455485
15 233 0.2557854678406051
233 233 1.711115021465553
317 233 0.33093944019763644
432 233 0.5381264694365813
692 233 0.2293780237495171
234 234 1.2716737445181467
564 234 0.09589758361894063
843 234 0.9887406735214248
852 234 0.8784305139300981
110 235 0.7389484831363504
235 235 1.523753084739277
351 235 0.5013026705228478
793 235 0.07966781111817922
936 235 0.5645789484493164
120 236 0.0521284837427578
236 236 1.7992803703831224
272 236 0.23748543716768844
620 236 0.18506075008378642
170 237 0.26030217009799017
237 237 1.9249917002222836
591 237 0.7828704432798737
5 238 0.2787457560499478
238 238 1.7821032512188153
239 239 1.3268037325326911
524 239 0.065205985222619
50 240 0.6484780814513667
70 240 0.30872636043431134
240 240 1.4413417349426947
267 240 0.9971110089441204
23 241 0.31181648343359103
194 241 0.15320259393301372
241 241 1.6433080704355474
372 241 0.6546766756520563
7 242 0.8238302701344948
242 242 1.1730379458545463
149 243 0.23738853360237777
243 243 1.5487818350466735
477 243 0.7337134954810283
701 243 0.8148118493593604
161 244 0.7715914591844064
244 244 1.1740177976279582
564 244 0.4834027775679006
108 245 0.9441364414187572
245 245 1.0061418112111062
660 245 0.31662176669282927
232 246 0.45385567642979896
246 246 1.02591784615786
259 246 0.6499349010038264
611 246 0.8332930149999851
800 246 0.4471527399700097
247 247 1.827517199502875
691 247 0.5166417287205267
835 247 0.7735979356579994
248 248 1.6082347909901178
249 249 1.5463539985107313
250 250 1.9188908656582737
679 250 0.0023356636014193466
251 251 1.9880376591164197
700 251 0.8609636764821142
879 251 0.037122132046342404
252 252 1.7001662286076662
394 252 0.3071860047529418
253 253 1.139048865045326
426 253 0.037332160230308276
167 254 0.7010838021200163
254 254 1.179542901438371
269 254 0.4081005736655192
287 254 0.5180715006887162
327 254 0.7781858407192956
661 254 0.3486028401907999
773 254 0.29697344862057107
52 255 0.42240303881458074
255 255 1.7861124130277917
555 255 0.14038833555289099
653 255 0.1937099780440068
859 255 0.4733378698191204
47 256 0.8104485294534531
256 256 1.149694150067499
388 256 0.9062493812733685
257 257 1.3079657469805133
258 258 1.6730269426448137
961 258 0.049280883848274115
95 259 0.8012111421486177
259 259 1.0692354369658097
835 259 0.9484270443438356
260 260 1.61025943045982
16 261 0.6694968055502148
261 261 1.0010145940385726
262 262 1.9074129280494092
108 263 0.15850125460694953
188 263 0.9187699887052068
263 263 1.6430542241043566
805 263 0.8969842143884961
19 264 0.635088626218582
264 264 1.7270614712862364
588 264 0.17526845326731832
833 264 0.9321920075029544
872 264 0.28763744338622765
265 265 1.8385278137898933
277 265 0.6722210879992587
339 265 0.7225192761482853
640 265 0.223475159319376
13 266 0.9387452654025821
43 266 0.5191914311268675
266 266 1.377877404157594
638 266 0.8860712298738611
202 267 0.36487633696114674
267 267 1.242272335055617
465 267 0.5135990277074021
747 267 0.941613595691285
830 267 0.7878366292026611
268 268 1.6092798488150504
351 268 0.5683320609170652
499 268 0.07256730358326102
721 268 0.3676759620200323
739 268 0.3746166304041527
269 269 1.907962157672059
583 269 0.7173568791194085
664 269 0.0005878947937061341
270 270 1.9978660909104913
324 270 0.7524931820941609
693 270 0.39529226649230487
745 270 0.4891951414823379
921 270 0.6327670709309345
271 271 1.76928519490773
182 272 0.8464207962955701
272 272 1.3484382332113711
447 272 0.096387624283641
585 272 0.7627490232344802
717 272 0.8080254800096469
726 272 0.37927275223041135
20 273 0.204761292410226
273 273 1.611546306259833
399 273 0.0061210897507764095
153 274 0.06513650252843028
274 274 1.9712883085336943
510 274 0.8061994071256493
275 275 1.9174476037164638
276 276 1.659074227740335
587 276 0.3902073728382025
277 277 1.853020481867989
766 277 0.12694952915200552
161 278 0.8343705009606512
278 278 1.7631229271612547
293 278 0.8003198096540443
323 278 0.47148848164355384
586 278 0.3137785257963466
902 278 0.9847066880718702
279 279 1.731560716181722
292 279 0.3688766545410498
435 279 0.14370270938063978
280 280 1.0884225769633802
721 280 0.48773166033323334
26 281 0.650994860174203
281 281 1.8248672279337443
601 281 0.4610588838574188
713 281 0.11277044220627075
31 282 0.8579906607282934
256 282 0.7910578409280511
282 282 1.356732885966933
383 282 0.40155041914859857
421 282 0.9645473445730341
830 282 0.38638267084002864
221 283 0.22797330897889068
283 283 1.9698947145802612
700 283 0.5867565540383304
284 284 1.747611131459171
447 284 0.5372437766965368
598 284 0.6034130582199153
658 284 0.9109847657631096
782 284 0.4535017542409656
978 284 0.4187352967492002
285 285 1.7543694833852261
547 285 0.9375565933576713
730 285 0.663756901540077
749 285 0.5101410694136201
914 285 0.30816678746132187
286 286 1.7428560258216697
586 286 0.32575442850696956
287 287 1.3620462415146264
652 287 0.43945386762320937
288 288 1.9005050467390927
903 288 0.12978843178816368
209 289 0.8979245123814963
289 289 1.7337895677489767
924 289 0.9567418807633958
290 290 1.0272716452683992
428 290 0.19854593211178728
742 290 0.8122583303136492
266 291 0.43400526038968446
291 291 1.9622337517822739
292 292 1.976931616555926
823 292 0.044140634984233706
895 292 0.3332079564024657
954 292 0.5237162659387058
82 293 0.48977702438146253
131 293 0.18419610878621562
293 293 1.343420995639218
573 293 0.3732763819722582
981 293 0.4609480273636888
294 294 1.7750788136708466
391 294 0.4439647582183168
295 295 1.3420078302734137
759 295 0.35223761003411047
180 296 0.6126795819130453
296 296 1.181860158004493
297 297 1.3277809718493072
468 297 0.727303783447093
298 298 1.2424788153525181
988 298 0.8005675760392708
264 299 0.696956109166071
281 299 0.5932205847696852
299 299 1.1466658583023248
804 299 0.20016186720500206
300 300 1.7754870092705046
478 300 0.5258637722553381
940 300 0.8711069229810138
301 301 1.4002293588047634
302 302 1.7200146360746553
488 302 0.4313635803958744
529 302 0.12828939373905146
649 302 0.2693912888034251
750 302 0.5156190912200671
800 302 0.41637360066999984
933 302 0.16655382899845161
303 303 1.5210925506146333
462 303 0.022355607828311808
872 303 0.5185785440454753
304 304 1.3180315207557347
400 304 0.8387363912773806
305 305 1.2359489990530799
339 305 0.6755327947079459
351 305 0.02163545090014729
306 306 1.2944232842974652
516 306 0.7693123166600031
822 306 0.4252823842599005
876 306 0.6818783455601332
920 306 0.7739409424485315
307 307 1.01250309420736
539 307 0.5017292736768153
572 307 0.17054156025798006
308 308 1.7239158489230584
330 308 0.15214301775727623
484 308 0.010518988953411856
656 308 0.7821893179490724
721 308 0.16847580201212553
779 308 0.03770129108887632
309 309 1.465191347729879
516 309 0.7502917896103853
597 309 0.5025864036756003
602 309 0.7799593244098064
783 309 0.5494289865258319
277 310 0.814069133546754
310 310 1.8095826381614628
313 310 0.9646284352515322
955 310 0.8601330847575532
311 311 1.350075786364357
994 311 0.49286704323030794
312 312 1.8690761661659328
300 313 0.9980235164071816
313 313 1.292499269626247
474 313 0.6942241268617817
515 313 0.37757671555565686
572 313 0.324738396100938
708 313 0.9740466739850013
314 314 1.9847226166655019
315 315 1.2631045428370247
958 315 0.11713401238840082
316 316 1.2110546175699448
1 317 0.441664330347336
317 317 1.1580782384481547
318 318 1.966470302170468
450 318 0.34079886498656276
319 319 1.225184097636863
512 319 0.4516840787813534
991 319 0.9004742218513644
244 320 0.04768995078757987
320 320 1.652724090320402
321 321 1.9180197697823347
61 322 0.10943187968652279
322 322 1.0787250046220909
615 322 0.6990817393823092
641 322 0.34102148124858855
878 322 0.21044417180692787
901 322 0.1427232688198672
323 323 1.5294380180348097
74 324 0.013139005758515454
324 324 1.8945273688983006
817 324 0.35146539723188197
95 325 0.001321295740739581
189 325 0.7731236349833484
325 325 1.2657813332076766
678 325 0.05516855354026706
211 326 0.05486262712917189
313 326 0.5666076340282076
326 326 1.6544999687555808
139 327 0.7731734475825707
327 327 1.535079969444775
948 327 0.12438793823450855
328 328 1.4148278706707333
572 328 0.34282573532439664
581 328 0.7592732875869832
843 328 0.7718734281915312
329 329 1.1869785616768267
460 329 0.8838197681825957
674 329 0.5644541664553036
923 329 0.8675450971368368
947 329 0.18956935873422154
330 330 1.802898029385655
331 331 1.1649636221707862
53 332 0.3592813112876585
332 332 1.7588745436699955
976 332 0.46823914717104587
333 333 1.6606238910238353
681 333 0.18659996552956315
181 334 0.6125108789126374
334 334 1.8804122220248458
291 335 0.6640523639621723
335 335 1.310742377278833
1 336 0.09276429272927422
336 336 1.2978265201302073
441 336 0.408673587405721
293 337 0.628197935296843
337 337 1.9503910721177826
630 337 0.03239800444048946
737 337 0.6394752977332985
338 338 1.4794490541938283
1 339 0.8277282275747317
232 339 0.22983316303331347
339 339 1.6057912102397256
479 339 0.7438592968953379
957 339 0.42424480727718805
334 340 0.26889570827536646
340 340 1.1482753719002603
731 340 0.7455674340848482
46 341 0.17886329820343128
57 341 0.15528311969576092
81 341 0.20321876998734711
240 341 0.3034982716922676
335 341 0.9745575687427017
341 341 1.8107897811309033
37 342 0.4844414400184096
342 342 1.1506797106272397
343 343 1.616758041443174
545 343 0.6259893418401465
238 344 0.49952876135482827
344 344 1.4147176718458392
194 345 0.6376896914512913
345 345 1.1249443293427197
346 346 1.0866893818483891
663 346 0.7216249026342387
728 346 0.43654954533340384
784 346 0.12229343376658153
901 346 0.91569628712927
89 347 0.9864865217828702
347 347 1.1675011777647855
379 347 0.572581024708188
854 347 0.7141212274983706
348 348 1.222605415085037
457 348 0.44517666391042643
635 348 0.46632132550636385
759 348 0.10632119544160923
12 349 0.21001959691730754
105 349 0.17896337440526944
349 349 1.0851905609858143
371 349 0.5626008519693029
350 350 1.4038276240289211
827 350 0.57502228238554
916 350 0.3838879818651344
139 351 0.19146432169468652
148 351 0.11376568093606898
175 351 0.418120177666923
177 351 0.35067113778983394
351 351 1.588250629901807
9 352 0.9236860810476788
352 352 1.5027513557086232
859 352 0.03410098347899182
353 353 1.2140923141439928
645 353 0.7842932334661954
850 353 0.24050495032978225
354 354 1.21991785800631
467 354 0.7062541929650819
539 354 0.8322298297653026
906 354 0.23142943843012564
355 355 1.3904555093742874
147 356 0.820666048397336
356 356 1.8130475844920695
939 356 0.039681026457534685
972 356 0.7259140600612244
357 357 1.566798819618411
611 357 0.6943908058760273
358 358 1.39370308448233
359 359 1.0242019373247213
818 359 0.40079308511787226
346 360 0.3070523417332789
360 360 1.003710045040624
611 360 0.6263081752297668
898 360 0.0032624346702880835
361 361 1.0994012863762757
428 361 0.5119236624054095
657 361 0.2666000247367597
351 362 0.44833339460762467
362 362 1.4367661976907256
412 362 0.4017104773660396
83 363 0.05009875587769286
207 363 0.4922238510630823
363 363 1.7830083384458293
902 363 0.5696343452058807
61 364 0.4187951622930688
364 364 1.7304371290774585
391 364 0.18632122429684617
491 364 0.4034336069171227
589 364 0.7324236373156732
823 364 0.7188797650214733
996 364 0.619776667626208
317 365 0.8665455648664735
365 365 1.2155569934871215
776 365 0.007833519449137016
961 365 0.42124515718505173
366 366 1.8679985387641616
771 366 0.7479628623991332
878 366 0.33880529448854624
243 367 0.42916834289674344
367 367 1.4381152646726223
510 367 0.42892771988762624
544 367 0.39441802178441976
946 367 0.5970673666356232
9 368 0.6254759554429266
368 368 1.0428597542661968
369 369 1.1218896679762929
762 369 0.7414172571878981
370 370 1.9896122284360336
676 370 0.46338564150402295
371 371 1.0849378841806137
88 372 0.8842002924774053
372 372 1.4199892277171735
373 373 1.775451522031211
973 373 0.48751113511266
374 374 1.4049151054259321
385 374 0.05861180189685844
811 374 0.22819871396069957
291 375 0.38867934932606496
375 375 1.9472756480781903
602 375 0.7053774644037119
376 376 1.2044399329438717
377 377 1.1082269621427303
875 377 0.08343967664328256
230 378 0.38820323440327775
378 378 1.0394116191044336
379 379 1.5475879988788124
289 380 0.5128955480260602
380 380 1.7920884692817938
231 381 0.41896935802135427
381 381 1.6400755576744532
549 381 0.3556351942359546
617 381 0.6623685631254252
761 381 0.16899941714022493
382 382 1.648680852327434
902 382 0.4201696205540082
123 383 0.10511165459725169
147 383 0.528045491522726
383 383 1.2256691741960501
57 384 0.4191919383768268
378 384 0.9419941237958125
384 384 1.0098875484276346
385 385 1.5156943544381327
774 385 0.9099945323996388
386 386 1.5328735057362843
534 386 0.23476594773536652
674 386 0.034896191207461014
806 386 0.9310852949920236
387 387 1.1628908535755422
761 387 0.9115768404209559
977 387 0.8438786188853016
58 388 0.8036185837287972
107 388 0.7065728856552602
275 388 0.1370698612273027
388 388 1.8700046162488
768 388 0.2882234967162538
130 389 0.5542358879990559
340 389 0.3824051368342305
389 389 1.2118719603099675
481 389 0.11127399500683688
390 390 1.938689622916455
859 390 0.1222462699176654
979 390 0.25614128279694004
1000 390 0.8550880311496891
140 391 0.706490138307263
391 391 1.2610856958570136
683 391 0.12858848287979852
707 391 0.8949604078903977
899 391 0.8602136482025957
97 392 0.5199621366687313
127 392 0.3335252703073328
145 392 0.6027243596553977
392 392 1.6712377702827526
756 392 0.9022770231994035
978 392 0.024601118343035466
381 393 0.7665082668788612
393 393 1.1435869186869148
394 394 1.3403128323289037
403 394 0.7057184535789129
522 394 0.3050021019473377
628 394 0.5030054453909107
361 395 0.005127638957930003
395 395 1.3412016893119558
887 395 0.16585096849583403
396 396 1.9833898048486927
397 397 1.2900668090816911
678 397 0.28258655168418745
398 398 1.9099133249793596
399 399 1.7267775776622785
766 399 0.16735603202869842
915 399 0.2915237651719953
136 400 0.2727597567314737
339 400 0.2723883382124537
400 400 1.100371839381125
670 400 0.5104054959163749
401 401 1.2975485159778355
855 401 0.5509848652711735
84 402 0.4990762743513233
402 402 1.7659502539313914
754 402 0.6031132186461385
837 402 0.987590110850431
168 403 0.8327462410894335
403 403 1.5604916801455566
324 404 0.48375382334368666
404 404 1.8078497910394815
405 405 1.825893147553577
662 405 0.2162688492395266
406 406 1.2344381452595874
241 407 0.8214966060647328
407 407 1.3791625052774794
423 407 0.20159446491381217
909 407 0.5489292487445905
408 408 1.8717162202001902
90 409 0.7489216544635975
409 409 1.9354749179456647
496 409 0.6695623934684936
912 409 0.7323757936859319
410 410 1.5891590331058953
690 410 0.5343521270672105
411 411 1.5856464971998994
883 411 0.9723312821016086
159 412 0.418458246005321
309 412 0.45726391452780346
412 412 1.4621242922012228
502 412 0.23309591937140284
688 412 0.3820638582370244
413 413 1.2250739039199372
519 413 0.4177654670375832
595 413 0.4214578927255863
414 414 1.0179681313452549
631 414 0.1830919486009488
733 414 0.7600589152589099
100 415 0.8688532198555474
415 415 1.0096943552093691
1000 415 0.1485609131231651
416 416 1.54515813398505
894 416 0.43455804359523276
417 417 1.2138446385136314
431 417 0.4957650617766627
517 417 0.08037445887861483
276 418 0.05743873053515869
320 418 0.3863007062075188
418 418 1.2714214596917457
952 418 0.17305108386191814
377 419 0.550383296345675
419 419 1.8188725616901011
796 419 0.8754436074761935
70 420 0.8853004379396217
420 420 1.2634255922935351
29 421 0.27544594141248324
421 421 1.9838988813118619
431 421 0.9913717799397086
348 422 0.2516776899761528
422 422 1.8532839587253978
984 422 0.5804683367181454
55 423 0.10556090912826788
110 423 0.5842464658532607
279 423 0.6277352078324483
423 423 1.1458551490657338
504 423 0.39055994312224973
744 423 0.1911020107096444
260 424 0.7720565925045189
424 424 1.845174701948912
451 424 0.7301539799293442
495 424 0.6381642335918474
642 424 0.00030738744207314816
872 424 0.9887264721827944
405 425 0.8997572561688849
425 425 1.9461339392188515
510 425 0.03851004022884741
598 425 0.09128545203753724
192 426 0.7571259092309242
426 426 1.9903678683189627
448 426 0.4998962670980607
685 426 0.25278480353132915
409 427 0.6798079049078534
427 427 1.0314457440086078
762 427 0.13609316406239924
428 428 1.7452220873731346
630 428 0.9862890788326284
861 428 0.6945877054755338
196 429 0.38996040400097365
231 429 0.6172322744059717
335 429 0.22858202662827476
429 429 1.8403667529650003
715 429 0.9781800822370692
135 430 0.6033660609590694
413 430 0.34936069880162846
430 430 1.390930509745317
431 431 1.3830488699392858
134 432 0.1765133122395901
432 432 1.1889111151760066
725 432 0.9772212412082135
203 433 0.10340142047188383
244 433 0.8676480584740414
433 433 1.2949685621173583
434 434 1.3138505129476004
520 434 0.4520572606814244
615 434 0.5626072056277589
928 434 0.8873156884481359
435 435 1.7008667537178923
474 435 0.2989385745848383
610 435 0.5966078531125534
436 436 1.5902632541595116
349 437 0.39787188729095835
437 437 1.2960710822370853
451 437 0.028021441832136507
195 438 0.21321335862016233
438 438 1.6193222971107173
988 438 0.5430827283835729
439 439 1.1369735240118857
440 440 1.869060725073901
335 441 0.13176436113778944
337 441 0.9723104945606997
441 441 1.3671938259065584
462 441 0.22460984106552395
571 441 0.2744185946174116
380 442 0.9251370150164298
442 442 1.4567499673735986
339 443 0.5508892356593522
443 443 1.4019256289222068
572 443 0.6852364748959616
730 443 0.8021263708198081
956 443 0.477758168564141
337 444 0.8737781824128354
444 444 1.567104084110352
539 444 0.2916286188456827
699 444 0.9861727171117318
988 444 0.14717764954937995
445 445 1.5938399553925517
96 446 0.061435157078839175
446 446 1.4750545043292296
447 447 1.944001027726521
744 447 0.15226949385221622
156 448 0.7001579466201413
448 448 1.6557176324355398
502 448 0.0019364902183203192
762 448 0.9715210435166928
299 449 0.6050614498049398
449 449 1.1587409548581766
630 449 0.539327398882322
737 449 0.9566993506952863
840 449 0.8544956113269846
324 450 0.11735754411938126
450 450 1.269082798201393
289 451 0.8768698610740244
451 451 1.751719142513853
776 451 0.11786110609259803
947 451 0.11083801189396802
452 452 1.0974080940360893
832 452 0.9695994882401291
293 453 0.9298983899656927
453 453 1.8581405427123692
454 454 1.9938284594030273
455 455 1.1772129503755937
120 456 0.8352328899553181
233 456 0.7616035934027503
456 456 1.1657207080718148
968 456 0.644771031354781
50 457 0.9877666475150377
457 457 1.5347268722581349
542 457 0.9913990516790578
458 458 1.0908825288380772
757 458 0.1949445615153198
145 459 0.7288511866336995
459 459 1.90619483923445
894 459 0.6163872251594278
460 460 1.4558467315684922
508 460 0.27614205676785364
832 460 0.4460862665216203
950 460 0.05080610530900542
454 461 0.4237186284669787
461 461 1.3485043350190793
884 461 0.9170860734192969
462 462 1.935132553249126
463 463 1.5913859330393665
543 463 0.8826506777491432
771 463 0.4466934339211772
401 464 0.44539430012081227
464 464 1.4257219933531162
761 464 0.0243665038797396
937 464 0.08545554405305267
977 464 0.8106657796187688
465 465 1.468808796690307
685 465 0.1200038869233051
466 466 1.3331897009894709
467 467 1.5607124131621068
515 467 0.6190668281462801
902 467 0.7872367980749699
468 468 1.999134244445811
503 468 0.8751532969188831
674 468 0.13500268001405047
700 468 0.9187859458192646
874 468 0.07805863418997094
888 468 0.12618017329832987
17 469 0.4458861344837235
469 469 1.9596107727811534
857 469 0.4972909394494889
897 469 0.4133761269951479
977 469 0.7539836079308422
470 470 1.11634606628351
471 471 1.545217201564017
472 472 1.1996978457374092
473 473 1.4091383589947721
519 473 0.9811214947201692
550 473 0.3280820595554681
474 474 1.2908020275722263
241 475 0.7875635241822447
475 475 1.34443284192214
720 475 0.6226415902884674
476 476 1.5007447353577383
510 476 0.2603552079518221
340 477 0.9231689078604308
477 477 1.5739836229102608
645 477 0.8196448194649011
249 478 0.4142234348880296
478 478 1.3645626316704078
479 479 1.9662969205624374
794 479 0.6613894985596454
22 480 0.7730017395111111
84 480 0.2586785454660492
430 480 0.26244893721206086
480 480 1.6004172716068923
755 480 0.1717648580629787
806 480 0.9110298222940387
481 481 1.523518439635412
482 482 1.4296057844406984
483 483 1.0408175187571935
765 483 0.3093252808476634
413 484 0.14866351460508742
484 484 1.5249784298639646
485 485 1.8028258239883708
688 485 0.25567583026305596
148 486 0.9172348302135698
433 486 0.9302572351656331
486 486 1.9846323906540468
712 486 0.19640946112072832
768 486 0.004721512479967771
306 487 0.48855925504094033
487 487 1.614208399340355
565 487 0.11106570157485196
680 487 0.8246137932389921
193 488 0.25503109444741145
468 488 0.7762058796581623
488 488 1.4070742563988519
111 489 0.8745457649208843
484 489 0.5155438677538797
489 489 1.58823417996889
701 489 0.07067777273805431
924 489 0.689186012434055
490 490 1.9901503984805227
171 491 0.8366784345313913
491 491 1.081195533873039
505 491 0.4626045006373709
726 491 0.26314971031612955
68 492 0.8483157687653149
172 492 0.2190935082803951
492 492 1.9722202782966762
102 493 0.6771270778936305
493 493 1.994882348703491
864 493 0.7644278987205781
977 493 0.34096502477442603
494 494 1.0546956523640159
484 495 0.4550025208535444
495 495 1.2056205195080512
496 496 1.5778122916113662
837 496 0.7697258095154678
373 497 0.17952684118921436
497 497 1.002525051982299
557 497 0.7945181171009119
4 498 0.09381975489575112
327 498 0.3678325357971417
498 498 1.848121796816053
925 498 0.13742475154011902
413 499 0.2878496630187515
499 499 1.0433196937843228
516 499 0.9853805304049936
310 500 0.37660445180287794
375 500 0.2998370445619325
500 500 1.7681237668641718
759 500 0.5966770557687449
501 501 1.3704655330975561
98 502 0.26734835340826835
171 502 0.7965533698930356
175 502 0.868378382622381
430 502 0.6599953030371382
496 502 0.21244659347689399
502 502 1.8726529628688058
357 503 0.9434022033995522
387 503 0.31952844359223875
503 503 1.280924435248998
559 503 0.4086116479088575
709 503 0.6034916775212202
900 503 0.8065387785549691
501 504 0.6923687040129622
504 504 1.8572575777859266
505 505 1.0738810342532024
506 506 1.4643516532434993
310 507 0.476528448759598
507 507 1.9590650398208773
562 507 0.21417926132734944
898 507 0.24807636225889307
50 508 0.5833333040023816
194 508 0.4025230679840608
283 508 0.5670792162773723
508 508 1.6522125960096687
58 509 0.6688898334033466
509 509 1.0471477707210683
910 509 0.18568050339209563
510 510 1.5224010679128086
617 510 0.8327674453040779
873 510 0.6589535210149651
511 511 1.68406852405156
843 511 0.30813361100049375
864 511 0.2815029480048121
870 511 0.7222188401189737
512 512 1.2959769078007832
513 513 1.4650638794822572
520 513 0.6695696746025175
558 513 0.736855743784318
686 513 0.03745193427190685
709 513 0.2390590719932728
223 514 0.4728873277911334
514 514 1.6703823349378244
515 515 1.3016584006865968
20 516 0.40378950792197443
516 516 1.7453007475613447
517 517 1.1176238497166653
599 517 0.6239096070725947
518 518 1.6079522891668103
566 518 0.5793121522388736
519 519 1.29168494859939
664 519 0.35048823628693837
31 520 0.15049469742073618
37 520 0.9330796387353417
255 520 0.835882942792795
520 520 1.2353279932528023
939 520 0.4699627826296857
232 521 0.7279612725739497
521 521 1.0197243901276498
30 522 0.3448591625318189
62 522 0.25490934717928093
377 522 0.7519780225301052
522 522 1.554876049768957
764 522 0.7915156304418058
134 523 0.9620724158934697
477 523 0.6383655524588041
523 523 1.9918915636687822
619 523 0.41244314347306776
796 523 0.7841764669818583
946 523 0.23401787084995074
524 524 1.0743897343653752
963 524 0.4326044758114884
525 525 1.8073077523843268
157 526 0.4828756971044652
410 526 0.16890258050276707
526 526 1.461595957901435
380 527 0.11478710569842887
527 527 1.5916879449901797
978 527 0.6877842695652805
528 528 1.4776304957989657
752 528 0.270788779170708
502 529 0.2943279972227364
529 529 1.8732039565923353
796 529 0.49488062647647624
278 530 0.5119837049615419
530 530 1.6806767921393697
259 531 0.8893663812217982
531 531 1.264680374152622
835 531 0.7694270421247511
916 531 0.28535883597359546
51 532 0.5523306080446673
355 532 0.33598805429661294
532 532 1.6250296807933964
538 532 0.21867576387711196
345 533 0.9695926665191803
426 533 0.9897984466927428
533 533 1.2214433485056824
585 533 0.690052439078874
662 533 0.6829963716251506
971 533 0.04766386327957428
534 534 1.2948489805641654
715 534 0.924895650238361
733 534 0.36053404694420843
191 535 0.19936437655121142
474 535 0.123064993748357
535 535 1.3481939117678705
650 535 0.36480756253963587
653 535 0.13446504796866066
536 536 1.2082247089759246
291 537 0.013500540670118522
537 537 1.1280115429828574
539 537 0.8872280405080453
569 537 0.2804244513217957
953 537 0.7633906235654431
290 538 0.024892678094022624
352 538 0.296689121977846
538 538 1.6943788343476562
659 538 0.877693373169127
539 539 1.7278094329554936
721 539 0.2274904164521636
813 539 0.19161030248393773
904 539 0.0815055192801808
88 540 0.7195353382028455
482 540 0.9655886613803748
540 540 1.4225655025290294
543 540 0.7169234398769551
541 541 1.7989824747180447
633 541 0.6056467858413015
542 542 1.4070198104134344
589 542 0.6659687947282633
543 543 1.389233645729251
544 544 1.9529438076934909
545 545 1.8040546916468667
582 545 0.7700494939279854
728 545 0.5031956015119738
848 545 0.41714208375896056
77 546 0.49079450652200673
280 546 0.9525254792467879
329 546 0.4928237468799954
546 546 1.1640252092769086
637 546 0.3309641957560847
313 547 0.743647733614341
547 547 1.9548510832638883
658 547 0.2684847712285727
755 547 0.24908269758493606
548 548 1.182910948048711
40 549 0.9785680936802659
549 549 1.2315888832134754
652 549 0.44301726192571045
550 550 1.9416319752104676
551 551 1.5450644060125673
639 551 0.30488056505244665
682 551 0.7020975253902959
816 551 0.4917558002145179
818 551 0.6101901292111085
81 552 0.42569685199424967
552 552 1.3017160266822398
553 553 1.9145521922189987
597 553 0.3487543082950908
554 554 1.391686143379018
815 554 0.6730719676920394
12 555 0.567899989015763
41 555 0.012176590596682857
245 555 0.6408277503013287
555 555 1.2998777772194359
712 555 0.6931114610745741
556 556 1.0032302917480893
210 557 0.9240384046492809
557 557 1.7345321761173573
592 557 0.8598826554366332
558 558 1.7551221542471176
340 559 0.651195015770069
553 559 0.7624712314680717
559 559 1.1703368686099909
580 559 0.7482911377727077
598 559 0.5098406940409816
560 560 1.5722451560671227
249 561 0.9700053986487538
561 561 1.7964888515331188
336 562 0.21683656330190404
562 562 1.367919735645771
765 562 0.7018999190984869
791 562 0.8248182803438981
500 563 0.8876950486900852
563 563 1.1339104936151367
602 563 0.5169589550037339
897 563 0.40132275517784
564 564 1.5024059822690239
988 564 0.7244866380953825
301 565 0.3321395744122082
355 565 0.08114689789336493
565 565 1.0288932593530993
433 566 0.869593057803022
566 566 1.79493660891938
301 567 0.10072415088821529
567 567 1.483610329203349
668 567 0.5291679146913062
25 568 0.13402145819281364
378 568 0.11624419256864549
484 568 0.35264019389522017
568 568 1.8992382357960462
707 568 0.17022306675682009
971 568 0.4540973846933267
238 569 0.8862810368495055
569 569 1.5239972062628337
900 569 0.1529551808889178
931 569 0.012452015511846382
534 570 0.3353738733156786
570 570 1.4239234868538069
571 571 1.69467749824619
192 572 0.6714891626719448
572 572 1.7937052518252932
276 573 0.07099940079267442
573 573 1.7304977140579227
682 573 0.913370892315799
731 573 0.854423605992437
574 574 1.8267944202407287
800 574 0.3039236911991545
963 574 0.14377559053290212
575 575 1.312391901554171
703 575 0.0134362781329187
82 576 0.045348186395092416
576 576 1.7459818324992449
648 576 0.2874562667172542
110 577 0.6241043428742112
178 577 0.648955889633319
284 577 0.6164839792539092
369 577 0.0762835877447503
577 577 1.3065929309771231
707 577 0.6358543928635305
133 578 0.7666530597069698
529 578 0.15197950014569983
578 578 1.5490591356664187
46 579 0.15183392735373724
579 579 1.413513658209215
741 579 0.22663612246800025
827 579 0.732444313361915
836 579 0.3717234522997612
240 580 0.08944932502399872
404 580 0.752101826460855
515 580 0.6655829091192174
580 580 1.9381544103317296
107 581 0.491589904776911
203 581 0.5261108821428326
581 581 1.9990548906648842
21 582 0.5855982609786812
360 582 0.8459209263116163
582 582 1.1401282839429725
605 582 0.9818631531977677
583 583 1.3259479294437924
665 583 0.8111722464114721
714 583 0.8570788553533146
921 583 0.20597223616234017
584 584 1.8211110484099753
30 585 0.5720186452764568
585 585 1.0799663403407183
975 585 0.7327922739843706
197 586 0.48424458558434424
214 586 0.41449253922994767
586 586 1.2452771688919055
587 587 1.0749701678068706
916 587 0.009889069056025157
256 588 0.5872703615963957
456 588 0.48089968932020866
588 588 1.962351271003299
589 589 1.506516797132732
590 590 1.315002306212145
744 590 0.8771600502827723
591 591 1.545800041716339
914 591 0.36965467026511334
361 592 0.6150146787887725
401 592 0.548592200197267
451 592 0.511766542684611
592 592 1.7709227359723458
610 592 0.1983666594325526
219 593 0.20414811840488256
368 593 0.21005373488633627
551 593 0.6297716334317314
582 593 0.2712243775285599
593 593 1.1593838901813112
693 593 0.7616963840621833
708 593 0.26873003233028836
489 594 0.024774495406892028
594 594 1.023222099425236
595 595 1.2952315011981883
765 595 0.8514830185366735
778 595 0.9425239091862185
819 595 0.594680958243279
103 596 0.5109698555119806
124 596 0.2905951553849395
596 596 1.3643807693749137
640 596 0.6402812411519931
311 597 0.6677132949898226
597 597 1.9288211071549344
720 597 0.591037832689087
943 597 0.47977816072512103
598 598 1.8419956647851632
718 598 0.2695739712460907
133 599 0.9803597982085472
599 599 1.2490955581558671
916 599 0.8089172940147555
377 600 0.7031914069169622
600 600 1.5927642758734895
601 601 1.94418702810641
643 601 0.37041510486223417
899 601 0.9232663382852888
976 601 0.10082513463845721
326 602 0.5980070087952345
528 602 0.5939002587449909
602 602 1.2410535903211184
412 603 0.2914446384707192
603 603 1.3903559650014194
630 603 0.18364454732551483
648 603 0.5109128110518095
592 604 0.040170619730449
604 604 1.828017824621105
654 604 0.9501035278697605
173 605 0.039353575836096555
321 605 0.2494871584274534
605 605 1.259194600021314
606 606 1.0802956862854556
657 606 0.129785811838234
965 606 0.7417606485969646
607 607 1.2213903491799143
531 608 0.5621175651410044
608 608 1.2213291608458487
557 609 0.19112303267985764
609 609 1.929263000863402
405 610 0.06946795110186388
495 610 0.23601069564527144
610 610 1.046799581036839
42 611 0.5763198469640765
419 611 0.1899930646176089
611 611 1.759628888134868
832 611 0.40166569732692126
868 611 0.9653849519217392
901 611 0.8165058073022053
361 612 0.23277071672935357
428 612 0.8572158790209985
612 612 1.7308272616973905
968 612 0.47252422338345523
130 613 0.6878205765644358
198 613 0.08572494677593889
472 613 0.6619843354099435
599 613 0.9437315496818528
613 613 1.2420146682943747
981 613 0.19188890027719863
614 614 1.336366512022505
5 615 0.7308726054537438
293 615 0.13786792967152084
447 615 0.5212974708425153
615 615 1.8834974725058538
616 616 1.7617192344165236
395 617 0.2627228552517187
493 617 0.8730762026760361
617 617 1.742114984136877
707 617 0.6449678472982743
951 617 0.9479330473204983
150 618 0.8063741131311251
618 618 1.8531879932380753
619 619 1.810793692838972
17 620 0.4544118103778656
256 620 0.2652055422770192
620 620 1.098885636856092
303 621 0.8207827128065304
621 621 1.2107514438160896
1000 621 0.7574889833055509
80 622 0.03891886225551788
98 622 0.3299970197856983
622 622 1.3482855064542625
764 622 0.4045693044240555
776 622 0.07079529756559855
623 623 1.1377031794612436
737 623 0.5359032672607464
821 623 0.04102453211173285
404 624 0.8017971776401958
463 624 0.3159609804730654
624 624 1.7049028281779126
635 624 0.9222814517924716
44 625 0.2886196666382965
54 625 0.18109331274257046
517 625 0.548734207641709
625 625 1.4233111639330074
173 626 0.0018583248817369835
626 626 1.9073879436097063
627 627 1.1195156910372912
939 627 0.6879427769108795
427 628 0.8775570820885337
435 628 0.9146434868049771
438 628 0.20614755192246093
468 628 0.7160666960225512
628 628 1.6811858189112792
683 628 0.4354714817927736
85 629 0.5063770055447798
93 629 0.2796835985507802
629 629 1.8368278621491174
630 630 1.2181749993078665
631 631 1.353301086082622
772 631 0.2635927938402516
845 631 0.4564345100464564
632 632 1.041904202068991
76 633 0.23786492968619766
85 633 0.263589520583001
633 633 1.269526362064604
950 633 0.8607739028601944
484 634 0.9345568861584479
634 634 1.8362196399385224
285 635 0.8372634016969596
635 635 1.2130554020501536
847 635 0.7430652609086501
53 636 0.02147866810057919
211 636 0.006963170719643363
312 636 0.8350800884989604
636 636 1.8285726297450418
910 636 0.9802056238075112
401 637 0.7100338120797804
586 637 0.391259838336812
637 637 1.5810460774213126
82 638 0.9262034939349599
638 638 1.9602030655921923
886 638 0.6754255617024449
951 638 0.6658158746483844
575 639 0.6698643712439576
639 639 1.4279460368045054
347 640 0.7244823810520005
640 640 1.6752014707763787
641 641 1.803161906941949
642 642 1.0848993921526022
827 642 0.3676824506804728
643 643 1.072551397344794
153 644 0.8239465929584397
359 644 0.5890469756651966
383 644 0.15645105126930448
644 644 1.1120307537605705
129 645 0.611260634037321
645 645 1.4549170190880745
675 645 0.3826058543366144
801 645 0.13349928607493244
507 646 0.5078955769604894
637 646 0.8985545071771572
646 646 1.2477056071322736
840 646 0.9745869177894833
999 646 0.5938213602493843
647 647 1.831995850342738
731 647 0.4933117634547004
818 647 0.6154302022285352
157 648 0.41193901611821016
190 648 0.49133515458426946
648 648 1.1511593878757187
210 649 0.8921191712148928
245 649 0.49316527869052496
649 649 1.1804239730617163
734 649 0.361824663948892
744 649 0.9265841641405981
650 650 1.2202575023444184
750 650 0.43069169345803004
143 651 0.10239209008471772
651 651 1.8156100799125934
771 651 0.9013998481952672
501 652 0.7329717836811283
652 652 1.9171233139154833
935 652 0.036732962232877586
941 652 0.5153896123210182
653 653 1.6444706632875803
567 654 0.2925694965192691
654 654 1.7639294930127387
759 654 0.5433962324955548
354 655 0.17965438307952053
588 655 0.6095924201019391
655 655 1.388404730991384
201 656 0.0029880838981206637
393 656 0.6813770065491034
569 656 0.5009678947097944
656 656 1.6148654090608314
220 657 0.37134177702065996
474 657 0.3412960175882849
657 657 1.8569495628611834
527 658 0.8386985224256391
658 658 1.6384042387018336
787 658 0.688853215201565
659 659 1.1873364545930174
746 659 0.66650036263404
51 660 0.6722437263056777
593 660 0.14556679816235896
660 660 1.1496247082735291
53 661 0.3963627112132857
426 661 0.28544745117344505
570 661 0.570267982880678
661 661 1.4066387326854426
670 661 0.5985522181121627
258 662 0.28512202416217036
298 662 0.7683452145723126
662 662 1.5827160519575463
663 663 1.1400190485941746
757 663 0.13851891385241855
922 663 0.7902989775879847
172 664 0.5434572717288222
535 664 0.374091069321391
664 664 1.5785039177459983
665 665 1.833987561422977
670 665 0.6545763089953394
878 665 0.7616871787141235
38 666 0.040891105297564456
618 666 0.18157410017239006
666 666 1.1337106196264601
761 666 0.8859270760830154
25 667 0.23154975148894485
667 667 1.8408368216418516
912 667 0.979301505104976
454 668 0.5615297860024211
493 668 0.6760265073618954
668 668 1.0709855635851098
815 668 0.9105234633677213
284 669 0.7105216005616481
430 669 0.65891625900627
669 669 1.2589254348196497
956 669 0.7216220903486827
670 670 1.928238141868627
979 670 0.5037079781431189
29 671 0.39987441990184536
67 671 0.4193441344959079
671 671 1.9880803301690242
416 672 0.9345122396989785
672 672 1.2003979440010606
480 673 0.4283863016991609
632 673 0.6014456808384585
673 673 1.703798155739868
144 674 0.8648841250823378
536 674 0.5623068370937157
613 674 0.9618131858072676
674 674 1.4975982609097136
356 675 0.09118440754459423
675 675 1.5224246306349367
264 676 0.0510105758378665
676 676 1.8255827910226545
736 676 0.7799144705470011
475 677 0.5704761391014406
572 677 0.5608664311120815
664 677 0.5300686424489998
677 677 1.0161681161059066
692 677 0.2626725871558908
729 677 0.9071541461288835
300 678 0.3566227516949678
659 678 0.8507650654751218
678 678 1.832939459394702
686 678 0.473399292766832
924 678 0.12299664802714227
679 679 1.1116854955291766
129 680 0.6175911390154216
680 680 1.9775767737628815
60 681 0.8474637418651354
681 681 1.2344446603960344
981 681 0.9673154848357928
356 682 0.19675848909176152
582 682 0.7077098004142748
640 682 0.053181768370011095
682 682 1.6140430624932312
683 683 1.8014365133818262
753 683 0.9607388360191809
778 683 0.5731705342391502
684 684 1.3331236590675093
685 685 1.4675007410529453
686 686 1.2911085467017163
459 687 0.10889742624733123
561 687 0.4214567563140479
671 687 0.8887768953344777
687 687 1.957661607028
608 688 0.4640974194573373
678 688 0.43418601975096927
688 688 1.5880547116001609
72 689 0.6607579565413455
289 689 0.25811277266108545
363 689 0.9758009788141293
568 689 0.36502705407216673
689 689 1.9086120300537543
193 690 0.1237600914641992
446 690 0.36563695980653943
690 690 1.5240283848414544
798 690 0.7793944689379795
73 691 0.7264218554251891
691 691 1.946643989268013
767 691 0.7544609006591227
692 692 1.7191089683609206
924 692 0.5610496563763763
353 693 0.5698173622003935
409 693 0.4427201047002307
625 693 0.5863786452508413
693 693 1.447740717183016
72 694 0.2061045057547508
294 694 0.34050920634775705
381 694 0.25771875684874246
694 694 1.985638744719768
853 694 0.9932913314416971
198 695 0.9467883852456143
695 695 1.9259217373974726
721 695 0.8241538321643342
261 696 0.05554260644277953
541 696 0.8516584946586563
590 696 0.12242294667850384
696 696 1.293137738967865
835 696 0.9669077283776197
920 696 0.42968215026854906
697 697 1.3980701331007774
138 698 0.31652289343914
698 698 1.4897012092400301
737 698 0.20511344852515245
699 699 1.6853891996189216
101 700 0.1050895740566935
335 700 0.6970976990430839
500 700 0.7156710799132651
700 700 1.2494927189991194
760 700 0.8482579724590478
815 700 0.20611221304875849
701 701 1.4345558454972767
702 702 1.1478964676399501
64 703 0.007127376908333538
703 703 1.9369962771675493
606 704 0.7306923771861853
704 704 1.954517742248254
506 705 0.8510764671229654
705 705 1.9278091165847107
706 706 1.1948548580475646
707 707 1.9362966599522786
927 707 0.8572242701144288
406 708 0.26083988803517166
708 708 1.659684360672818
524 709 0.08464054817807676
709 709 1.1127075133010194
74 710 0.7345271315914788
163 710 0.10112109815788539
169 710 0.052196357864667364
443 710 0.4671851530892539
579 710 0.8088925382534402
710 710 1.5551313555194315
376 711 0.23178600228146018
565 711 0.22116459285723944
594 711 0.9578535974046312
612 711 0.5609069536872917
637 711 0.9525290618240376
640 711 0.1815127528326923
711 711 1.505968929544623
712 712 1.3606705001068877
204 713 0.15296201671552945
713 713 1.3801862079423255
727 713 0.2662969517944058
776 713 0.6682251461452362
364 714 0.4991815243651059
581 714 0.33211272439776773
714 714 1.620467483448444
715 715 1.5611350994603077
316 716 0.363146481565217
716 716 1.8510793611731198
60 717 0.008325002622967759
665 717 0.511893459758374
717 717 1.6153462141043844
60 718 0.4306358102583787
321 718 0.6005434479318186
718 718 1.9066347520499178
90 719 0.81294213320687
505 719 0.7688691768248468
719 719 1.71351951467605
776 719 0.076461176024887
898 719 0.5661655614325352
258 720 0.7122595714550402
720 720 1.1150746497599744
972 720 0.014234478854826982
55 721 0.6984614405740968
721 721 1.4046728399563402
793 721 0.8315045636700917
210 722 0.1643415289813368
243 722 0.4493245161395587
722 722 1.4517248446223625
224 723 0.07988990057113532
612 723 0.16012738807732996
723 723 1.3067160626152265
978 723 0.8445732253252427
61 724 0.02820351697280743
82 724 0.12332671043452414
550 724 0.9882650749875252
724 724 1.3773382412169095
53 725 0.58552488323612
248 725 0.7827156674669096
725 725 1.6438268957468791
726 726 1.2805201549395806
842 726 0.2877642861048628
115 727 0.8739188405994485
566 727 0.5796142212171866
727 727 1.268800873193143
345 728 0.24731224854948985
728 728 1.989592886838906
255 729 0.4366604567468322
315 729 0.8995264614406389
430 729 0.683237097086761
641 729 0.3733812046768319
729 729 1.192047806468958
186 730 0.25490658082754036
730 730 1.8565139803938806
830 730 0.9013853275687564
863 730 0.44189623783594545
543 731 0.36685314655799117
731 731 1.2076388314436366
15 732 0.37650740778458114
281 732 0.7159658761177263
415 732 0.7045778092613872
732 732 1.2811347578295613
97 733 0.7677385422807708
412 733 0.8002502181310829
733 733 1.1911035282382088
232 734 0.5761287302774578
734 734 1.4127070966231754
37 735 0.09382759312115918
367 735 0.9617418060429841
393 735 0.6760099154423105
735 735 1.131099069391351
921 735 0.8230588519229636
624 736 0.9906738861279734
731 736 0.6758417912045018
736 736 1.2090699572576842
349 737 0.5250990050521511
631 737 0.08064071240364545
737 737 1.665959503627849
134 738 0.7022183258155292
682 738 0.1476788874794559
738 738 1.725134504017201
739 739 1.938941845167174
506 740 0.9588947804792387
740 740 1.9518015296642994
741 741 1.4311986777607453
822 741 0.0971045877192378
742 742 1.0949898925205481
774 742 0.8020720013622631
361 743 0.9028960281126281
743 743 1.2364759550400894
803 743 0.12520457827275666
225 744 0.5349804516358616
322 744 0.6650951587774292
333 744 0.5045064656427505
552 744 0.04133103958618367
662 744 0.6295268396578588
744 744 1.924274136074946
781 744 0.018000161716781315
357 745 0.07853106172616076
745 745 1.7376695986392237
793 745 0.7053905921907799
213 746 0.6234931122029119
393 746 0.9093049337167669
682 746 0.22137728631529163
746 746 1.3633172947176069
90 747 0.6685549688192731
730 747 0.5100651026293783
747 747 1.845240933256214
519 748 0.9705090289707445
748 748 1.1758538185607947
874 748 0.20546988096541874
130 749 0.4714688828149347
448 749 0.11946795071937433
749 749 1.338000913457405
782 749 0.6815619762187206
463 750 0.8252237907036217
658 750 0.1876775864455007
750 750 1.3074431321968014
506 751 0.6988443016992789
751 751 1.3534305441847871
752 752 1.6193222264669704
868 752 0.9990611073898803
7 753 0.9604462022033058
57 753 0.38961396808955806
350 753 0.35310891238120967
753 753 1.4720663028192826
91 754 0.43957304498215777
754 754 1.807159069256282
438 755 0.7317296535897277
571 755 0.18745485750317115
619 755 0.18848115948558597
755 755 1.7911165453078512
768 755 0.5356574315607496
958 755 0.7485765745443329
102 756 0.40512578223433127
476 756 0.07884610299100081
580 756 0.30928572823349176
756 756 1.0544129420557902
890 756 0.011277432379861674
539 757 0.8501605112924511
757 757 1.2499217559425788
334 758 0.3395560352545486
568 758 0.46523499023235604
758 758 1.899230605044131
426 759 0.10236615408201577
588 759 0.10255186617851098
731 759 0.48933976326068085
759 759 1.0134347404781692
372 760 0.717814549349878
760 760 1.0711698753798597
850 760 0.6788030309471491
761 761 1.5523985121600008
805 761 0.6288840605844392
114 762 0.07619907510741797
762 762 1.7023959373355737
773 762 0.8685709853690367
235 763 0.0367208594258972
283 763 0.8415936879012587
763 763 1.9574059904054126
923 763 0.6687068445174622
16 764 0.4649399988258571
441 764 0.030904022107693496
583 764 0.6836128695035346
764 764 1.0033850088109344
546 765 0.9638266756557057
750 765 0.36184557506428905
765 765 1.1286409856073887
178 766 0.48832417331451294
741 766 0.6253589990643469
766 766 1.6867370454385655
859 766 0.4659244914308218
212 767 0.5680228835039349
518 767 0.7152282644645713
767 767 1.955702408441059
768 768 1.2971868444664032
932 768 0.29958786154257355
195 769 0.6655963215124217
457 769 0.2787777601553798
769 769 1.439441370628736
838 769 0.34712180721880537
75 770 0.6997755019577785
89 770 0.5461255462697834
619 770 0.23211366227488028
770 770 1.8901988663303673
779 770 0.8413109903620923
180 771 0.5452444123373499
771 771 1.197146264935995
778 771 0.4997558228776904
88 772 0.7199771700146049
116 772 0.8238169469128938
772 772 1.3509797405517932
83 773 0.7302098013455134
602 773 0.39222203366856356
699 773 0.26854681669041613
773 773 1.3018951426645073
415 774 0.3102281692201623
774 774 1.415773691601963
554 775 0.39117318315724203
775 775 1.510472272948485
819 775 0.7941024191476351
553 776 0.42041112514782863
687 776 0.8121722067360704
776 776 1.1192125354991693
820 776 0.8385275807690846
84 777 0.10783819347632995
777 777 1.3116902748173065
842 777 0.2731296717237086
869 777 0.8380621609213001
39 778 0.37623948076211766
282 778 0.12726213304389433
329 778 0.13613846187084122
362 778 0.8780561727591503
494 778 0.7693868924974403
778 778 1.3976710555805252
779 779 1.626283857383085
666 780 0.9667468105433783
780 780 1.2330849033875
896 780 0.9823034919541263
781 781 1.7641477974159667
19 782 0.7931727993426234
584 782 0.6516833213593645
782 782 1.2220869815193613
925 782 0.5681368315081594
783 783 1.8299159161883483
230 784 0.14892091092516013
784 784 1.0753833643553854
785 785 1.9199499978945478
992 785 0.6955124481583912
786 786 1.987515904611648
991 786 0.2840849397524672
787 787 1.5171332689148127
171 788 0.6408510562423324
308 788 0.7584892200452009
320 788 0.2957127705573972
436 788 0.36492436307307297
788 788 1.719164587710895
588 789 0.35839113063279315
789 789 1.541725680893165
890 789 0.6821034766210263
20 790 0.8176972964408662
790 790 1.1622594290813015
301 791 0.6228246257103696
330 791 0.4500123688719784
791 791 1.1322153456922779
792 792 1.005020599064401
988 792 0.5677483812625141
723 793 0.28023115152342637
793 793 1.4796830324511845
775 794 0.976327011550937
794 794 1.3823550362407147
283 795 0.7627903489210446
795 795 1.1725607238835554
796 796 1.5307783102494439
863 796 0.09791883589446093
112 797 0.017714113518612296
295 797 0.3670762527061764
797 797 1.817556653086169
798 798 1.7115823919687403
714 799 0.04460365509875408
799 799 1.8612755945464683
527 800 0.6840487617626203
800 800 1.1093567821021133
35 801 0.7117908431256534
388 801 0.6197138001044975
649 801 0.8594152821597159
801 801 1.0735722845066433
89 802 0.47690615521518875
237 802 0.2681491726215759
386 802 0.30745206705333317
802 802 1.328905642888939
390 803 0.2837168074259826
803 803 1.805451898508209
804 804 1.121709551384042
671 805 0.21125662560979608
784 805 0.9092145819253439
805 805 1.8251101156704574
96 806 0.14689184566155933
806 806 1.7822172678693002
922 806 0.7496876742143777
23 807 0.08046269152185137
372 807 0.3458579712174712
587 807 0.16694453776381746
767 807 0.30843108265539954
807 807 1.5972554280932272
843 807 0.37562967072876985
914 807 0.030974673514847284
336 808 0.31867880245645774
766 808 0.3419422495052431
808 808 1.5410347583427593
875 808 0.3858558954169322
918 808 0.11574051227003945
168 809 0.19005716848602083
809 809 1.9265197594873156
872 809 0.05608625183520766
130 810 0.19667758595950802
298 810 0.1462233324133595
604 810 0.26309557813819207
810 810 1.0939610919590168
50 811 0.19342719727244906
144 811 0.5452021168196994
673 811 0.37346380521264955
811 811 1.2159103653803096
767 812 0.3354207780181473
812 812 1.9219256508888933
27 813 0.30245340980847946
634 813 0.8589177685388547
791 813 0.6972044892729923
813 813 1.2135953630161282
853 813 0.6871034094856154
143 814 0.1928721178820283
684 814 0.48730586923776587
814 814 1.3560103944113089
31 815 0.3191483538033695
488 815 0.9450087084510517
815 815 1.2225614081928935
633 816 0.9249640334600775
692 816 0.503697592391249
816 816 1.7997073903945546
70 817 0.8273897373714076
213 817 0.83084580005393
817 817 1.3271416985507714
409 818 0.3699979678478895
818 818 1.086367556889995
926 818 0.5074117057995744
9 819 0.5745909481555771
819 819 1.7379568564299894
603 820 0.09460710211240708
820 820 1.5818228972519457
981 820 0.30136573806336653
291 821 0.22203156896547704
468 821 0.4684089289574267
821 821 1.5899416563300388
836 821 0.6109191288667928
989 821 0.8824807001673076
503 822 0.05074595936532411
605 822 0.8851566267358706
637 822 0.3450897780965545
691 822 0.27728848608368684
822 822 1.976249239843444
213 823 0.5459676898045032
430 823 0.21549454300525195
823 823 1.891720362501098
187 824 0.5983004129267961
467 824 0.6104439738765519
750 824 0.8774865726457637
824 824 1.096414766134611
311 825 0.01351031925716284
525 825 0.9650863409085131
530 825 0.20290664380906698
574 825 0.7477842275295086
789 825 0.31829998503858414
825 825 1.7514257743729795
720 826 0.4965366553570776
761 826 0.14666659942610583
826 826 1.6324559345897167
862 826 0.49805720944955345
93 827 0.2566717363733362
184 827 0.9592162026662483
428 827 0.9887675982427597
815 827 0.3009911935864311
827 827 1.5931669232139436
828 828 1.9765827692442064
25 829 0.8735499212770597
78 829 0.23234806611294556
684 829 0.2571121909626628
829 829 1.417403644307822
51 830 0.9842971488302892
145 830 0.2436120536881481
830 830 1.206070403939868
116 831 0.0419514911058394
207 831 0.842324837100977
636 831 0.7241747323070742
831 831 1.7554688865820751
370 832 0.43663230622169835
798 832 0.6579601233656089
832 832 1.3111146624552799
417 833 0.0014096613235290434
833 833 1.308028618822534
958 833 0.5619561215739799
834 834 1.353440669012119
128 835 0.7069188787170753
835 835 1.205969005266254
836 836 1.983459321643421
837 837 1.9566648964285762
956 837 0.10756356320918825
491 838 0.433731890348394
838 838 1.049102003952686
117 839 0.6907766963142659
371 839 0.1371489122706453
839 839 1.626952365035452
916 839 0.8622565835747711
259 840 0.15301933005944357
430 840 0.1960716149832602
663 840 0.07877718907954967
840 840 1.508540128314417
841 841 1.702490044755698
950 841 0.16097922147053545
43 842 0.2579784372782501
842 842 1.2843126539889806
796 843 0.5900545745933303
843 843 1.1243043789202976
97 844 0.1448574834401659
159 844 0.8018840754034011
844 844 1.2582137684836967
461 845 0.10790199813409207
642 845 0.07892430698172648
845 845 1.1292812521618179
443 846 0.08976972754775736
535 846 0.36717025992637575
775 846 0.74239167997398
846 846 1.8883115615682935
847 847 1.691967359577901
155 848 0.9666592404394452
186 848 0.14240299400716405
631 848 0.8700798070559008
848 848 1.1208888650224225
120 849 0.9686008465765099
213 849 0.13409927165044122
221 849 0.6816939008423861
239 849 0.640298737104237
849 849 1.3355342142411961
94 850 0.28278246089358006
203 850 0.5558867338841418
779 850 0.35653691781200125
850 850 1.5457262581288393
851 851 1.900929137212429
895 851 0.6617511517823707
762 852 0.5177964611665287
852 852 1.8050502319460617
488 853 0.2031494006348198
853 853 1.2923887221503865
859 853 0.126774333093852
854 854 1.1930938487193685
79 855 0.4404148957554086
855 855 1.7903252512883272
585 856 0.3600315446203626
856 856 1.3231763382382706
857 857 1.9029728926914264
221 858 0.9511970488453418
307 858 0.5854889317482412
858 858 1.2893480280037344
296 859 0.4019330832152237
784 859 0.21210007273572584
859 859 1.4220109290278609
654 860 0.6673274755793208
860 860 1.7142126987654143
908 860 0.18154191020990718
149 861 0.40026945023230365
472 861 0.8208039518084393
502 861 0.7285294900253483
861 861 1.7376545382492214
467 862 0.9972207934993715
862 862 1.1127637721042787
16 863 0.013439048312758217
66 863 0.5306098531760044
802 863 0.9850670945623126
863 863 1.901083458719493
194 864 0.611311372354153
549 864 0.10128466258134083
864 864 1.822338505267716
760 865 0.6898565704077313
855 865 0.9841819783290078
865 865 1.650702247895328
30 866 0.5386242383588518
731 866 0.4539555952290808
866 866 1.7317167246401992
971 866 0.27349026185593805
169 867 0.931508358918741
867 867 1.1218025248307852
868 868 1.1642918462093967
48 869 0.49754242324362163
57 869 0.6102510693073226
387 869 0.4407769194199027
448 869 0.4050787691117479
869 869 1.7100589047103187
400 870 0.2507788724140514
870 870 1.7787916897999694
609 871 0.18874416023167417
871 871 1.1374677993449882
131 872 0.31282331831987475
344 872 0.8226023758842078
361 872 0.011400440403009027
872 872 1.0365470102434102
892 872 0.28598287538109957
873 873 1.4079656266832115
933 873 0.8203489550330312
613 874 0.9244407290697407
634 874 0.5245545422826123
724 874 0.6941270532347714
874 874 1.7125734503365013
38 875 0.5816313692144104
40 875 0.23053206134859017
236 875 0.5291659833870876
616 875 0.0839816346142257
875 875 1.523441798443323
481 876 0.8709091646148102
525 876 0.7393360709811003
747 876 0.8536272678189587
811 876 0.8370255433571154
876 876 1.395996416910009
980 876 0.6860189011288143
487 877 0.5212473865235256
625 877 0.44202367821248734
877 877 1.7509396734626512
99 878 0.09798564009522215
382 878 0.20389781316349387
399 878 0.751384369920592
583 878 0.5541333473416803
622 878 0.20270846930910058
878 878 1.183048284246082
59 879 0.7689404318870006
427 879 0.009865726775734274
709 879 0.282665976699527
879 879 1.4286287765200232
296 880 0.19342060952811968
617 880 0.8734409657690501
810 880 0.728115725308009
880 880 1.3616917848148862
270 881 0.37626508004565173
360 881 0.701135285007582
647 881 0.14507626926538975
881 881 1.7940267883657082
753 882 0.5875428074940525
833 882 0.9434582347937073
882 882 1.2260244217845089
234 883 0.989166047549624
259 883 0.4124049213566967
883 883 1.8390923630689073
961 883 0.9904859605439988
884 884 1.1347163742487925
165 885 0.7075574983283561
663 885 0.6646922275820439
824 885 0.7531384025251355
885 885 1.865114724973436
502 886 0.14703340237194262
886 886 1.4888738170579026
382 887 0.22084315634015406
887 887 1.3670880240921526
969 887 0.09434220507643332
17 888 0.2100303514120494
840 888 0.5528507165731531
888 888 1.1740810469633671
933 888 0.620151053866776
296 889 0.19092599786228415
889 889 1.146649491918884
932 889 0.3488321628492528
702 890 0.6881480516818643
890 890 1.0832432492244328
167 891 0.5566468258046788
584 891 0.042639948519472615
891 891 1.7957415500628722
22 892 0.004525416836139051
73 892 0.35151278165984445
427 892 0.8745822226510687
892 892 1.0781579034222042
151 893 0.36315779347176225
659 893 0.08098368960805646
893 893 1.5744741281930439
866 894 0.39382441699629855
894 894 1.1674147551936753
592 895 0.7644063213744827
895 895 1.009539156316997
896 896 1.8955472971117435
951 896 0.8145170550616752
36 897 0.1716416594274326
66 897 0.48528203726073516
229 897 0.6456159455977093
656 897 0.2594106952986752
897 897 1.5454205016476823
133 898 0.47287202197701217
658 898 0.3121381466463664
721 898 0.6062643752447594
853 898 0.8044661849771837
898 898 1.063990383026536
624 899 0.9535178397790858
899 899 1.4926319565081205
913 899 0.07596281260742876
900 900 1.3573070098658344
4 901 0.7113811662491452
541 901 0.110074513201877
901 901 1.2405740213230483
901 902 0.8505860277298172
902 902 1.6225551227625368
995 902 0.9404608312712055
325 903 0.23950051753827606
826 903 0.4617178634303163
903 903 1.0261159749935487
904 904 1.253910569852571
354 905 0.32251523615021704
905 905 1.5806101749361838
906 906 1.884031595032143
516 907 0.12577308300010936
566 907 0.6515349882919723
907 907 1.0369371573299284
144 908 0.8328673801316615
908 908 1.2778077188121277
909 909 1.6363219283715567
910 910 1.7904847525846135
600 911 0.563671998536684
681 911 0.6449032508151191
911 911 1.290534198605691
106 912 0.07272555056656316
223 912 0.712365788421222
815 912 0.036084051882662616
912 912 1.1379045034157158
540 913 0.4139524100557943
913 913 1.1462762681432332
239 914 0.35202474885406243
789 914 0.4537172296163239
815 914 0.5242085220291559
908 914 0.05995640162794147
914 914 1.5780643978799311
674 915 0.6158173218940091
915 915 1.4594214784910688
84 916 0.26495660719880587
199 916 0.699653025383477
337 916 0.9775988075043682
353 916 0.6581831750045748
702 916 0.0801408028339663
916 916 1.4635935816202228
226 917 0.34468920581709295
693 917 0.425672077541174
716 917 0.2794431072486594
917 917 1.1776490642680644
922 917 0.9365237636946553
63 918 0.8262129540356409
371 918 0.5074911339173747
498 918 0.18156874498046838
918 918 1.4533559517653745
919 919 1.7183467989065846
928 919 0.9138196342819986
920 920 1.7997418285477873
355 921 0.09175764440331902
921 921 1.8949066088258457
922 922 1.7833013115610914
461 923 0.04611402357399297
600 923 0.7337748143469993
923 923 1.7444594831118247
34 924 0.7258312808708425
159 924 0.7890687981873306
401 924 0.6320104062580385
924 924 1.407877688014129
925 925 1.636870471689484
278 926 0.8158077933150618
868 926 0.6128878121650994
926 926 1.527533376139435
54 927 0.884498467588906
644 927 0.2373745561407612
927 927 1.4756105391254832
183 928 0.37911822550095686
327 928 0.6443669660114171
402 928 0.4049947446810933
692 928 0.4088825366025326
718 928 0.04754360408355307
822 928 0.77436082153358
928 928 1.9720506396082225
133 929 0.4409465016178853
295 929 0.22671915743529936
380 929 0.6452700709635446
533 929 0.17950976926937567
929 929 1.6659053015369072
27 930 0.7763260475756555
443 930 0.7945158142522544
446 930 0.518773153530097
474 930 0.4088095189916474
930 930 1.7478280303388658
932 930 0.1072711900120642
581 931 0.042980848062545984
595 931 0.8618574205493243
806 931 0.40764176503765603
931 931 1.894162285235227
349 932 0.21541962093485623
928 932 0.6050683826984462
932 932 1.4854422393822535
755 933 0.3675407735717868
933 933 1.0410479996947568
934 934 1.8957479735209082
246 935 0.23130030492908316
694 935 0.7009249173973353
889 935 0.9251795018047404
934 935 0.6312502654087007
935 935 1.4410405816605167
936 936 1.8191256236640168
201 937 0.9863204910987589
937 937 1.6336232263503845
80 938 0.06248305176590874
306 938 0.7849518276144007
758 938 0.5209066901987855
938 938 1.5199622085723106
482 939 0.2596062788729454
649 939 0.3030650498856764
939 939 1.76536447940358
988 939 0.7460175200365473
289 940 0.7390758231394474
939 940 0.8611051090958259
940 940 1.9960323972187244
574 941 0.6286769920678619
941 941 1.0865228627471744
20 942 0.10527675646983092
942 942 1.443795525306567
943 943 1.1901197733715356
944 944 1.2177528659615924
954 944 0.8725806896366892
224 945 0.030770981203190884
945 945 1.538874295804849
221 946 0.33868693020889773
372 946 0.7728840843895883
386 946 0.17924343757178351
946 946 1.1570265573811669
356 947 0.48312376351881436
947 947 1.5723375670756317
948 948 1.1187375197948521
949 949 1.0305184606896083
80 950 0.23490540857050068
289 950 0.9870525472009053
950 950 1.393203872711734
109 951 0.39530162947684544
194 951 0.020832919035264075
951 951 1.9870785093032624
334 952 0.29214889594689364
403 952 0.9005633219058091
634 952 0.13551586526453918
952 952 1.5382378583328693
41 953 0.6988915616910591
953 953 1.1751601011709245
985 953 0.40274392024299166
672 954 0.01665896082451357
739 954 0.2282108987339193
954 954 1.584483534726281
126 955 0.1598744046653715
176 955 0.2385470937779206
273 955 0.5524710791723744
849 955 0.5747133463626635
955 955 1.1880232131785815
62 956 0.30468569995447425
956 956 1.9905086650440484
443 957 0.6027402895356728
957 957 1.3299750430885795
522 958 0.536218048349228
958 958 1.3907559604073831
72 959 0.3089230380576016
959 959 1.5714599456434701
3 960 0.2373168273779762
157 960 0.08678428869829413
167 960 0.28687222402617496
429 960 0.437119225879385
696 960 0.870044060551175
754 960 0.8397939463285737
960 960 1.2463239449427124
988 960 0.9967250022601835
343 961 0.36776395338713974
391 961 0.9038640151495072
961 961 1.6905207423489501
983 961 0.8996994058193211
962 962 1.6276168173215775
621 963 0.8942312119781242
890 963 0.33277883013581566
963 963 1.3040904917923581
116 964 0.32077499847072866
964 964 1.2532115102854058
34 965 0.1584780853669958
357 965 0.5908797685709088
931 965 0.8396151886557202
965 965 1.8867973551832733
33 966 0.042434601697500574
966 966 1.3744112440108047
967 967 1.7747009477589817
460 968 0.30225549303234245
934 968 0.2446370160727931
968 968 1.5364469536406111
977 968 0.16109611443652194
845 969 0.8095094051486165
969 969 1.4491547417070416
355 970 0.9030325647215975
394 970 0.7150299543505401
970 970 1.3840413834262977
84 971 0.2923584989206629
591 971 0.21652337409250277
674 971 0.012254997493729824
949 971 0.8226822614159575
971 971 1.732096480600803
725 972 0.6051900364738405
972 972 1.3354249854417395
571 973 0.25028717046906657
973 973 1.1965245961454576
306 974 0.6357434306001273
618 974 0.14318353275891216
974 974 1.2567027435702507
368 975 0.8109655803350428
658 975 0.48138489989396005
839 975 0.06385807085025874
975 975 1.7923134109708847
508 976 0.44847641494630097
953 976 0.6878941356788928
976 976 1.2184874856347363
977 977 1.9376779556553336
148 978 0.08613121740393015
444 978 0.9676019565221952
597 978 0.0487602106751559
978 978 1.1219985338161635
979 979 1.8971230617120556
980 980 1.5211614227977666
996 980 0.520179719579591
981 981 1.1601598629911085
100 982 0.38196062140537745
618 982 0.06242271267376687
631 982 0.6280772398136352
982 982 1.5203207465876813
29 983 0.9716004859670855
39 983 0.7154813054356473
739 983 0.019979684059072245
769 983 0.44918626249437876
983 983 1.8407028192970285
17 984 0.3957362365938828
82 984 0.4974185321781204
984 984 1.8288463775325057
623 985 0.15279781324514707
985 985 1.0909939566144229
190 986 0.2119314273754611
305 986 0.842480109134986
501 986 0.3264710717996582
602 986 0.879211885624857
754 986 0.7359739919697006
986 986 1.3614737791407991
450 987 0.03015054827915642
987 987 1.6067714265566102
165 988 0.9426720054278137
203 988 0.8648977357687941
769 988 0.26759479635628813
988 988 1.3073578786066458
629 989 0.04918786820941712
945 989 0.7320400102594156
989 989 1.4848808068038548
45 990 0.11362905643770316
297 990 0.912314921057394
358 990 0.6843124068682287
569 990 0.8192656817802952
646 990 0.1955388499230395
661 990 0.9525885771478637
990 990 1.4495727167120946
991 991 1.2158418941163744
25 992 0.8005801381132731
426 992 0.7229270644799695
522 992 0.833409118163617
992 992 1.1891072416827053
175 993 0.013161773534861032
902 993 0.16080686848981052
993 993 1.1716186452542758
34 994 0.4467186045760416
329 994 0.09020350596286808
907 994 0.2146669288819536
994 994 1.3589527213650445
264 995 0.10755642190270298
330 995 0.4894316698139012
995 995 1.7286935480189531
415 996 0.6024740631819665
818 996 0.34832209791717283
996 996 1.9642834596690069
624 997 0.4574384402568219
997 997 1.8759532597809945
62 998 0.8846608129123275
433 998 0.10119833923992716
616 998 0.5323260886752286
752 998 0.8732576823544214
880 998 0.9883871046481383
998 998 1.251222423257579
73 999 0.7610607417875641
999 999 1.5525316370958413
136 1000 0.783071736650971
869 1000 0.05936702398939442
1000 1000 1.7957856019772866
